#time_of_image,time_of_closest_position_estimate,time_dist,filename,x,y
1583140119.3000,1583140119.2800,0.0200,kodak_00338.jpg,-0.0047,-0.2099
1583140119.5000,1583140119.5200,0.0200,kodak_00339.jpg,-0.0046,-0.2100
1583140120.1000,1583140120.1600,0.0600,kodak_00342.jpg,-0.0045,-0.2100
1583140120.7200,1583140120.7300,0.0100,kodak_00345.jpg,-0.0044,-0.2100
1583140122.3000,1583140122.3300,0.0300,kodak_00353.jpg,-0.0045,-0.2100
1583140123.3000,1583140123.3500,0.0500,kodak_00358.jpg,-0.0044,-0.2100
1583140124.3100,1583140124.3600,0.0500,kodak_00363.jpg,-0.0043,-0.2100
1583140127.5300,1583140127.5500,0.0200,kodak_00379.jpg,-0.0042,-0.2100
1583140127.7300,1583140127.7400,0.0100,kodak_00380.jpg,-0.0041,-0.2100
1583140129.1100,1583140129.1400,0.0300,kodak_00387.jpg,-0.0040,-0.2100
1583140130.5000,1583140130.5400,0.0400,kodak_00394.jpg,-0.0039,-0.2100
1583140131.1200,1583140131.1200,0.0000,kodak_00397.jpg,-0.0039,-0.2083
1583140131.3100,1583140131.3100,0.0000,kodak_00398.jpg,-0.0037,-0.2032
1583140131.5000,1583140131.5000,0.0000,kodak_00399.jpg,-0.0033,-0.1964
1583140131.7200,1583140131.7500,0.0300,kodak_00400.jpg,-0.0031,-0.1873
1583140131.9100,1583140131.9400,0.0300,kodak_00401.jpg,-0.0030,-0.1775
1583140132.1200,1583140132.1400,0.0200,kodak_00402.jpg,-0.0025,-0.1656
1583140132.3100,1583140132.3300,0.0200,kodak_00403.jpg,-0.0024,-0.1511
1583140132.5000,1583140132.5200,0.0200,kodak_00404.jpg,-0.0014,-0.1357
1583140132.7100,1583140132.7100,0.0000,kodak_00405.jpg,-0.0029,-0.1201
1583140132.9100,1583140132.9000,0.0100,kodak_00406.jpg,-0.0035,-0.1030
1583140133.1100,1583140133.1600,0.0500,kodak_00407.jpg,-0.0059,-0.0864
1583140133.3100,1583140133.3500,0.0400,kodak_00408.jpg,-0.0038,-0.0702
1583140133.5300,1583140133.5400,0.0100,kodak_00409.jpg,-0.0038,-0.0485
1583140133.7200,1583140133.7300,0.0100,kodak_00410.jpg,-0.0025,-0.0325
1583140133.9000,1583140133.9300,0.0300,kodak_00411.jpg,-0.0072,-0.0148
1583140134.1000,1583140134.1100,0.0100,kodak_00412.jpg,-0.0091,0.0041
1583140134.3000,1583140134.3000,0.0000,kodak_00413.jpg,0.0002,0.0117
1583140134.5100,1583140134.5600,0.0500,kodak_00414.jpg,-0.0040,0.0264
1583140134.7100,1583140134.7500,0.0400,kodak_00415.jpg,-0.0032,0.0425
1583140134.9100,1583140134.9400,0.0300,kodak_00416.jpg,-0.0016,0.0590
1583140135.1200,1583140135.1300,0.0100,kodak_00417.jpg,-0.0012,0.0760
1583140135.3200,1583140135.3200,0.0000,kodak_00418.jpg,-0.0005,0.0911
1583140135.5100,1583140135.5200,0.0100,kodak_00419.jpg,0.0002,0.1081
1583140135.7100,1583140135.7100,0.0000,kodak_00420.jpg,0.0010,0.1233
1583140135.9100,1583140135.9100,0.0000,kodak_00421.jpg,0.0012,0.1397
1583140136.1100,1583140136.1000,0.0100,kodak_00422.jpg,0.0018,0.1548
1583140136.3300,1583140136.3600,0.0300,kodak_00423.jpg,0.0020,0.1716
1583140136.5100,1583140136.5500,0.0400,kodak_00424.jpg,0.0026,0.1870
1583140136.7200,1583140136.7500,0.0300,kodak_00425.jpg,0.0027,0.2038
1583140136.9200,1583140136.9400,0.0200,kodak_00426.jpg,0.0029,0.2200
1583140137.1200,1583140137.1400,0.0200,kodak_00427.jpg,0.0036,0.2361
1583140137.3100,1583140137.3300,0.0200,kodak_00428.jpg,0.0036,0.2525
1583140137.5000,1583140137.5300,0.0300,kodak_00429.jpg,0.0048,0.2682
1583140137.7100,1583140137.7200,0.0100,kodak_00430.jpg,0.0050,0.2850
1583140137.9200,1583140137.9200,0.0000,kodak_00431.jpg,0.0056,0.3003
1583140138.1300,1583140138.1100,0.0200,kodak_00432.jpg,0.0062,0.3172
1583140138.3300,1583140138.3200,0.0100,kodak_00433.jpg,0.0075,0.3330
1583140138.5400,1583140138.5000,0.0400,kodak_00434.jpg,0.0071,0.3494
1583140138.7400,1583140138.7600,0.0200,kodak_00435.jpg,0.0072,0.3653
1583140138.9300,1583140138.9600,0.0300,kodak_00436.jpg,0.0093,0.3815
1583140139.1500,1583140139.1500,0.0000,kodak_00437.jpg,0.0077,0.3970
1583140139.3300,1583140139.3500,0.0200,kodak_00438.jpg,0.0072,0.4127
1583140139.5300,1583140139.5400,0.0100,kodak_00439.jpg,0.0071,0.4292
1583140139.7200,1583140139.7300,0.0100,kodak_00440.jpg,0.0074,0.4446
1583140140.1400,1583140140.1200,0.0200,kodak_00442.jpg,0.0067,0.4446
1583140140.3400,1583140140.3300,0.0100,kodak_00443.jpg,0.0066,0.4438
1583140140.5200,1583140140.5200,0.0000,kodak_00444.jpg,0.0066,0.4423
1583140140.9100,1583140140.9000,0.0100,kodak_00446.jpg,0.0075,0.4412
1583140141.1100,1583140141.1000,0.0100,kodak_00447.jpg,0.0318,0.4411
1583140141.3100,1583140141.3000,0.0100,kodak_00448.jpg,0.0726,0.4501
1583140141.5200,1583140141.5000,0.0200,kodak_00449.jpg,0.1178,0.4690
1583140141.7100,1583140141.7000,0.0100,kodak_00450.jpg,0.1574,0.4980
1583140141.9100,1583140141.9000,0.0100,kodak_00451.jpg,0.1886,0.5352
1583140142.1200,1583140142.1000,0.0200,kodak_00452.jpg,0.2108,0.5788
1583140142.3300,1583140142.3000,0.0300,kodak_00453.jpg,0.2212,0.6269
1583140142.5200,1583140142.5000,0.0200,kodak_00454.jpg,0.2211,0.6758
1583140142.7200,1583140142.7000,0.0200,kodak_00455.jpg,0.2099,0.7241
1583140142.9300,1583140142.9100,0.0200,kodak_00456.jpg,0.1861,0.7676
1583140143.1200,1583140143.1200,0.0000,kodak_00457.jpg,0.1551,0.8037
1583140143.3300,1583140143.3100,0.0200,kodak_00458.jpg,0.1293,0.8258
1583140143.5300,1583140143.5100,0.0200,kodak_00459.jpg,0.1235,0.8295
1583140143.7200,1583140143.7000,0.0200,kodak_00460.jpg,0.1256,0.8282
1583140143.9300,1583140143.9000,0.0300,kodak_00461.jpg,0.1255,0.8283
1583140144.1200,1583140144.1000,0.0200,kodak_00462.jpg,0.1254,0.8284
1583140144.3200,1583140144.3000,0.0200,kodak_00463.jpg,0.1253,0.8284
1583140144.7400,1583140144.7100,0.0300,kodak_00465.jpg,0.1252,0.8285
1583140146.5200,1583140146.4900,0.0300,kodak_00474.jpg,0.1251,0.8285
1583140146.7300,1583140146.7000,0.0300,kodak_00475.jpg,0.1251,0.8286
1583140147.5300,1583140147.5500,0.0200,kodak_00479.jpg,0.1250,0.8286
1583140148.3200,1583140148.3500,0.0300,kodak_00483.jpg,0.1248,0.8287
1583140148.7200,1583140148.7500,0.0300,kodak_00485.jpg,0.1249,0.8287
1583140149.3200,1583140149.3500,0.0300,kodak_00488.jpg,0.1248,0.8287
1583140149.7300,1583140149.7500,0.0200,kodak_00490.jpg,0.1247,0.8288
1583140150.3300,1583140150.3500,0.0200,kodak_00493.jpg,0.1318,0.8420
1583140150.5200,1583140150.5500,0.0300,kodak_00494.jpg,0.1416,0.8719
1583140150.7200,1583140150.7500,0.0300,kodak_00495.jpg,0.1451,0.9027
1583140150.9200,1583140150.9500,0.0300,kodak_00496.jpg,0.1484,0.9345
1583140151.1200,1583140151.1500,0.0300,kodak_00497.jpg,0.1496,0.9665
1583140151.3300,1583140151.3400,0.0100,kodak_00498.jpg,0.1494,0.9982
1583140151.5400,1583140151.5300,0.0100,kodak_00499.jpg,0.1475,1.0301
1583140151.7500,1583140151.7200,0.0300,kodak_00500.jpg,0.1439,1.0638
1583140151.9500,1583140151.9100,0.0400,kodak_00501.jpg,0.1327,1.0982
1583140152.1400,1583140152.1000,0.0400,kodak_00502.jpg,0.1193,1.1317
1583140152.3300,1583140152.3000,0.0300,kodak_00503.jpg,0.1042,1.1650
1583140152.5300,1583140152.5000,0.0300,kodak_00504.jpg,0.0855,1.1962
1583140152.7400,1583140152.7000,0.0400,kodak_00505.jpg,0.0633,1.2265
1583140152.9300,1583140152.9000,0.0300,kodak_00506.jpg,0.0404,1.2586
1583140153.1300,1583140153.0900,0.0400,kodak_00507.jpg,0.0266,1.2941
1583140153.3400,1583140153.3500,0.0100,kodak_00508.jpg,0.0229,1.3265
1583140153.5300,1583140153.5400,0.0100,kodak_00509.jpg,0.0267,1.3570
1583140153.7400,1583140153.7300,0.0100,kodak_00510.jpg,0.0345,1.3893
1583140153.9400,1583140153.9200,0.0200,kodak_00511.jpg,0.0430,1.4198
1583140154.1400,1583140154.1100,0.0300,kodak_00512.jpg,0.0522,1.4510
1583140154.3300,1583140154.3100,0.0200,kodak_00513.jpg,0.0641,1.4856
1583140154.5400,1583140154.5000,0.0400,kodak_00514.jpg,0.0715,1.5250
1583140154.7400,1583140154.6900,0.0500,kodak_00515.jpg,0.0734,1.5644
1583140154.9400,1583140154.9400,0.0000,kodak_00516.jpg,0.0745,1.6044
1583140155.1500,1583140155.1300,0.0200,kodak_00517.jpg,0.0758,1.6443
1583140155.3300,1583140155.3300,0.0000,kodak_00518.jpg,0.0775,1.6845
1583140155.5300,1583140155.5200,0.0100,kodak_00519.jpg,0.0788,1.7254
1583140155.7400,1583140155.7100,0.0300,kodak_00520.jpg,0.0748,1.7663
1583140155.9400,1583140155.9000,0.0400,kodak_00521.jpg,0.0751,1.8064
1583140156.1300,1583140156.0900,0.0400,kodak_00522.jpg,0.0761,1.8467
1583140156.3300,1583140156.3500,0.0200,kodak_00523.jpg,0.0769,1.8871
1583140156.5300,1583140156.5400,0.0100,kodak_00524.jpg,0.0782,1.9269
1583140156.7300,1583140156.7300,0.0000,kodak_00525.jpg,0.0791,1.9678
1583140156.9300,1583140156.9300,0.0000,kodak_00526.jpg,0.0803,2.0075
1583140157.1300,1583140157.1200,0.0100,kodak_00527.jpg,0.0815,2.0477
1583140157.3300,1583140157.3100,0.0200,kodak_00528.jpg,0.0825,2.0876
1583140157.5400,1583140157.4900,0.0500,kodak_00529.jpg,0.0829,2.1283
1583140157.7500,1583140157.6900,0.0600,kodak_00530.jpg,0.0831,2.1682
1583140157.9400,1583140157.9400,0.0000,kodak_00531.jpg,0.0840,2.2083
1583140158.1400,1583140158.1300,0.0100,kodak_00532.jpg,0.0847,2.2483
1583140158.3500,1583140158.3300,0.0200,kodak_00533.jpg,0.0858,2.2883
1583140158.5400,1583140158.5200,0.0200,kodak_00534.jpg,0.0869,2.3286
1583140158.7500,1583140158.7000,0.0500,kodak_00535.jpg,0.0879,2.3687
1583140158.9500,1583140158.9000,0.0500,kodak_00536.jpg,0.0885,2.4091
1583140159.1500,1583140159.0900,0.0600,kodak_00537.jpg,0.0890,2.4493
1583140159.3500,1583140159.2900,0.0600,kodak_00538.jpg,0.0892,2.4898
1583140159.5600,1583140159.6100,0.0500,kodak_00539.jpg,0.0895,2.5504
1583140159.7500,1583140159.7400,0.0100,kodak_00540.jpg,0.0888,2.5701
1583140159.9400,1583140159.9400,0.0000,kodak_00541.jpg,0.0892,2.6099
1583140160.1500,1583140160.1300,0.0200,kodak_00542.jpg,0.0895,2.6499
1583140160.3500,1583140160.3300,0.0200,kodak_00543.jpg,0.0900,2.6906
1583140160.5500,1583140160.5200,0.0300,kodak_00544.jpg,0.0909,2.7312
1583140160.7500,1583140160.7200,0.0300,kodak_00545.jpg,0.0908,2.7708
1583140160.9500,1583140160.9100,0.0400,kodak_00546.jpg,0.0900,2.8114
1583140161.1500,1583140161.1100,0.0400,kodak_00547.jpg,0.0862,2.8511
1583140161.3600,1583140161.3000,0.0600,kodak_00548.jpg,0.0852,2.8909
1583140161.5500,1583140161.5000,0.0500,kodak_00549.jpg,0.0845,2.9308
1583140161.7400,1583140161.6900,0.0500,kodak_00550.jpg,0.0838,2.9712
1583140161.9300,1583140161.8900,0.0400,kodak_00551.jpg,0.0837,3.0122
1583140162.1400,1583140162.0900,0.0500,kodak_00552.jpg,0.0832,3.0520
1583140162.3400,1583140162.3500,0.0100,kodak_00553.jpg,0.0830,3.0921
1583140162.5600,1583140162.5400,0.0200,kodak_00554.jpg,0.0828,3.1323
1583140162.7400,1583140162.7400,0.0000,kodak_00555.jpg,0.0823,3.1727
1583140162.9500,1583140162.9300,0.0200,kodak_00556.jpg,0.0820,3.2122
1583140163.1500,1583140163.1200,0.0300,kodak_00557.jpg,0.0814,3.2527
1583140163.3500,1583140163.3200,0.0300,kodak_00558.jpg,0.0812,3.2932
1583140163.5500,1583140163.5100,0.0400,kodak_00559.jpg,0.0822,3.3347
1583140163.7600,1583140163.7100,0.0500,kodak_00560.jpg,0.0881,3.3747
1583140163.9600,1583140163.9000,0.0600,kodak_00561.jpg,0.0930,3.4150
1583140164.1500,1583140164.1000,0.0500,kodak_00562.jpg,0.0941,3.4554
1583140164.3400,1583140164.2900,0.0500,kodak_00563.jpg,0.0950,3.4956
1583140164.5400,1583140164.4800,0.0600,kodak_00564.jpg,0.0959,3.5363
1583140164.7400,1583140164.6800,0.0600,kodak_00565.jpg,0.0974,3.5761
1583140164.9500,1583140164.9500,0.0000,kodak_00566.jpg,0.0953,3.6173
1583140165.1500,1583140165.1400,0.0100,kodak_00567.jpg,0.0911,3.6571
1583140165.3500,1583140165.3300,0.0200,kodak_00568.jpg,0.0908,3.6973
1583140165.5600,1583140165.5300,0.0300,kodak_00569.jpg,0.0905,3.7378
1583140165.7600,1583140165.7800,0.0200,kodak_00570.jpg,0.0909,3.7983
1583140165.9500,1583140165.9300,0.0200,kodak_00571.jpg,0.0906,3.8183
1583140166.1400,1583140166.1100,0.0300,kodak_00572.jpg,0.0927,3.8466
1583140166.3400,1583140166.3000,0.0400,kodak_00573.jpg,0.0997,3.8878
1583140166.5400,1583140166.5000,0.0400,kodak_00574.jpg,0.1034,3.9282
1583140166.7400,1583140166.6900,0.0500,kodak_00575.jpg,0.1048,3.9681
1583140166.9500,1583140166.8900,0.0600,kodak_00576.jpg,0.1067,4.0085
1583140167.1400,1583140167.0900,0.0500,kodak_00577.jpg,0.1080,4.0483
1583140167.3300,1583140167.3500,0.0200,kodak_00578.jpg,0.1107,4.0887
1583140167.5500,1583140167.5500,0.0000,kodak_00579.jpg,0.1122,4.1284
1583140167.7500,1583140167.7300,0.0200,kodak_00580.jpg,0.1129,4.1685
1583140167.9400,1583140167.9300,0.0100,kodak_00581.jpg,0.1091,4.2088
1583140168.1400,1583140168.1200,0.0200,kodak_00582.jpg,0.1012,4.2486
1583140168.3500,1583140168.3200,0.0300,kodak_00583.jpg,0.0975,4.2883
1583140168.5500,1583140168.5200,0.0300,kodak_00584.jpg,0.0964,4.3292
1583140168.7500,1583140168.7100,0.0400,kodak_00585.jpg,0.0952,4.3686
1583140168.9500,1583140168.9200,0.0300,kodak_00586.jpg,0.0935,4.4087
1583140169.1600,1583140169.1000,0.0600,kodak_00587.jpg,0.0921,4.4487
1583140169.3500,1583140169.2900,0.0600,kodak_00588.jpg,0.0910,4.4890
1583140169.5400,1583140169.4900,0.0500,kodak_00589.jpg,0.0893,4.5290
1583140169.7500,1583140169.6900,0.0600,kodak_00590.jpg,0.0882,4.5693
1583140169.9500,1583140169.9500,0.0000,kodak_00591.jpg,0.0871,4.6096
1583140170.1500,1583140170.1400,0.0100,kodak_00592.jpg,0.0900,4.6477
1583140170.3600,1583140170.3300,0.0300,kodak_00593.jpg,0.0971,4.6875
1583140170.5500,1583140170.5300,0.0200,kodak_00594.jpg,0.1011,4.7283
1583140170.7600,1583140170.7900,0.0300,kodak_00595.jpg,0.1027,4.7879
1583140170.9600,1583140170.9800,0.0200,kodak_00596.jpg,0.1046,4.8283
1583140171.1600,1583140171.1100,0.0500,kodak_00597.jpg,0.1041,4.8482
1583140171.3500,1583140171.3000,0.0500,kodak_00598.jpg,0.1001,4.8886
1583140171.5400,1583140171.5000,0.0400,kodak_00599.jpg,0.0977,4.9290
1583140171.7500,1583140171.7000,0.0500,kodak_00600.jpg,0.0966,4.9691
1583140171.9400,1583140171.8900,0.0500,kodak_00601.jpg,0.0969,5.0088
1583140172.1400,1583140172.0900,0.0500,kodak_00602.jpg,0.0965,5.0495
1583140172.3500,1583140172.4100,0.0600,kodak_00603.jpg,0.0962,5.1096
1583140172.5400,1583140172.5400,0.0000,kodak_00604.jpg,0.0962,5.1295
1583140172.7500,1583140172.7400,0.0100,kodak_00605.jpg,0.0958,5.1697
1583140172.9500,1583140172.9300,0.0200,kodak_00606.jpg,0.0959,5.2101
1583140173.1500,1583140173.1300,0.0200,kodak_00607.jpg,0.0957,5.2500
1583140173.3600,1583140173.3900,0.0300,kodak_00608.jpg,0.0957,5.3111
1583140173.5600,1583140173.5900,0.0300,kodak_00609.jpg,0.0955,5.3509
1583140173.7600,1583140173.7800,0.0200,kodak_00610.jpg,0.0950,5.3907
1583140173.9400,1583140173.9100,0.0300,kodak_00611.jpg,0.0948,5.4107
1583140174.1400,1583140174.1000,0.0400,kodak_00612.jpg,0.0944,5.4518
1583140174.3500,1583140174.3200,0.0300,kodak_00613.jpg,0.0946,5.4916
1583140174.5400,1583140174.5000,0.0400,kodak_00614.jpg,0.0949,5.5316
1583140174.7400,1583140174.6900,0.0500,kodak_00615.jpg,0.0947,5.5721
1583140174.9600,1583140175.0100,0.0500,kodak_00616.jpg,0.0946,5.6318
1583140175.1600,1583140175.2000,0.0400,kodak_00617.jpg,0.0945,5.6719
1583140175.3600,1583140175.3300,0.0300,kodak_00618.jpg,0.0945,5.6918
1583140175.5500,1583140175.5300,0.0200,kodak_00619.jpg,0.0942,5.7311
1583140175.7600,1583140175.7900,0.0300,kodak_00620.jpg,0.0943,5.7914
1583140175.9700,1583140175.9800,0.0100,kodak_00621.jpg,0.0940,5.8324
1583140176.1600,1583140176.1800,0.0200,kodak_00622.jpg,0.0931,5.8724
1583140176.3700,1583140176.3700,0.0000,kodak_00623.jpg,0.0932,5.9122
1583140176.5500,1583140176.5100,0.0400,kodak_00624.jpg,0.0929,5.9320
1583140176.7500,1583140176.7000,0.0500,kodak_00625.jpg,0.0927,5.9719
1583140176.9700,1583140177.0300,0.0600,kodak_00626.jpg,0.0929,6.0318
1583140177.1500,1583140177.1000,0.0500,kodak_00627.jpg,0.0933,6.0521
1583140177.3500,1583140177.3000,0.0500,kodak_00628.jpg,0.0930,6.0920
1583140177.5500,1583140177.5000,0.0500,kodak_00629.jpg,0.0928,6.1320
1583140177.7600,1583140177.7200,0.0400,kodak_00630.jpg,0.0932,6.1720
1583140177.9600,1583140177.9000,0.0600,kodak_00631.jpg,0.0921,6.2098
1583140178.1600,1583140178.1000,0.0600,kodak_00632.jpg,0.0864,6.2426
1583140178.3600,1583140178.3200,0.0400,kodak_00633.jpg,0.0761,6.2820
1583140178.5600,1583140178.5000,0.0600,kodak_00634.jpg,0.0738,6.3215
1583140178.7700,1583140178.8300,0.0600,kodak_00635.jpg,0.0742,6.3715
1583140178.9700,1583140179.0300,0.0600,kodak_00636.jpg,0.0837,6.4055
1583140179.1600,1583140179.1000,0.0600,kodak_00637.jpg,0.0900,6.4247
1583140179.3600,1583140179.3000,0.0600,kodak_00638.jpg,0.0944,6.4649
1583140179.5600,1583140179.4900,0.0700,kodak_00639.jpg,0.0979,6.5030
1583140179.7500,1583140179.7000,0.0500,kodak_00640.jpg,0.0967,6.5370
1583140179.9600,1583140179.9000,0.0600,kodak_00641.jpg,0.0886,6.5680
1583140180.1600,1583140180.2200,0.0600,kodak_00642.jpg,0.0686,6.6233
1583140180.3600,1583140180.4200,0.0600,kodak_00643.jpg,0.0605,6.6616
1583140180.5600,1583140180.6200,0.0600,kodak_00644.jpg,0.0576,6.6970
1583140180.7500,1583140180.6900,0.0600,kodak_00645.jpg,0.0583,6.7125
1583140180.9600,1583140181.0200,0.0600,kodak_00646.jpg,0.0733,6.7576
1583140181.1700,1583140181.2300,0.0600,kodak_00647.jpg,0.0866,6.7935
1583140181.3700,1583140181.4200,0.0500,kodak_00648.jpg,0.0911,6.8323
1583140181.5600,1583140181.6200,0.0600,kodak_00649.jpg,0.0910,6.8668
1583140181.7600,1583140181.8200,0.0600,kodak_00650.jpg,0.0844,6.8974
1583140181.9800,1583140182.0100,0.0300,kodak_00651.jpg,0.0734,6.9333
1583140182.1600,1583140182.2000,0.0400,kodak_00652.jpg,0.0667,6.9734
1583140182.3500,1583140182.3200,0.0300,kodak_00653.jpg,0.0659,6.9929
1583140182.5500,1583140182.5200,0.0300,kodak_00654.jpg,0.0647,7.0288
1583140182.7600,1583140182.7700,0.0100,kodak_00655.jpg,0.0729,7.0805
1583140182.9600,1583140182.9000,0.0600,kodak_00656.jpg,0.0801,7.1006
1583140183.1600,1583140183.2200,0.0600,kodak_00657.jpg,0.0833,7.1612
1583140183.3600,1583140183.4100,0.0500,kodak_00658.jpg,0.0803,7.2012
1583140183.5500,1583140183.6100,0.0600,kodak_00659.jpg,0.0787,7.2417
1583140183.7500,1583140183.7300,0.0200,kodak_00660.jpg,0.0783,7.2615
1583140183.9600,1583140183.9800,0.0200,kodak_00661.jpg,0.0786,7.3222
1583140184.1600,1583140184.1700,0.0100,kodak_00662.jpg,0.0786,7.3617
1583140184.3700,1583140184.4300,0.0600,kodak_00663.jpg,0.0787,7.4017
1583140184.5600,1583140184.6200,0.0600,kodak_00664.jpg,0.0795,7.4417
1583140184.7700,1583140184.8100,0.0400,kodak_00665.jpg,0.0800,7.4813
1583140184.9800,1583140185.0000,0.0200,kodak_00666.jpg,0.0805,7.5209
1583140185.1800,1583140185.1900,0.0100,kodak_00667.jpg,0.0808,7.5606
1583140185.3900,1583140185.3900,0.0000,kodak_00668.jpg,0.0801,7.6010
1583140185.5600,1583140185.5800,0.0200,kodak_00669.jpg,0.0751,7.6409
1583140185.7700,1583140185.7700,0.0000,kodak_00670.jpg,0.0743,7.6814
1583140185.9700,1583140186.0300,0.0600,kodak_00671.jpg,0.0738,7.7220
1583140186.1700,1583140186.2200,0.0500,kodak_00672.jpg,0.0733,7.7623
1583140186.3700,1583140186.4100,0.0400,kodak_00673.jpg,0.0726,7.8019
1583140186.5700,1583140186.6000,0.0300,kodak_00674.jpg,0.0721,7.8426
1583140186.7600,1583140186.7300,0.0300,kodak_00675.jpg,0.0717,7.8629
1583140186.9700,1583140186.9900,0.0200,kodak_00676.jpg,0.0709,7.9231
1583140187.1600,1583140187.1400,0.0200,kodak_00677.jpg,0.0705,7.9433
1583140187.3700,1583140187.4300,0.0600,kodak_00678.jpg,0.0697,8.0042
1583140187.5800,1583140187.6200,0.0400,kodak_00679.jpg,0.0688,8.0439
1583140187.7600,1583140187.8100,0.0500,kodak_00680.jpg,0.0682,8.0844
1583140187.9600,1583140188.0000,0.0400,kodak_00681.jpg,0.0677,8.1249
1583140188.1700,1583140188.1900,0.0200,kodak_00682.jpg,0.0670,8.1651
1583140188.3600,1583140188.3800,0.0200,kodak_00683.jpg,0.0670,8.2056
1583140188.5600,1583140188.5700,0.0100,kodak_00684.jpg,0.0660,8.2456
1583140188.7600,1583140188.7700,0.0100,kodak_00685.jpg,0.0649,8.2859
1583140188.9600,1583140188.9000,0.0600,kodak_00686.jpg,0.0643,8.3062
1583140189.1600,1583140189.2200,0.0600,kodak_00687.jpg,0.0634,8.3664
1583140189.3700,1583140189.4200,0.0500,kodak_00688.jpg,0.0629,8.4064
1583140189.5800,1583140189.6100,0.0300,kodak_00689.jpg,0.0622,8.4467
1583140189.7700,1583140189.8000,0.0300,kodak_00690.jpg,0.0614,8.4872
1583140189.9600,1583140189.9900,0.0300,kodak_00691.jpg,0.0608,8.5271
1583140190.1600,1583140190.1800,0.0200,kodak_00692.jpg,0.0591,8.5670
1583140190.3700,1583140190.3700,0.0000,kodak_00693.jpg,0.0529,8.6062
1583140190.5700,1583140190.5700,0.0000,kodak_00694.jpg,0.0511,8.6469
1583140190.7700,1583140190.8200,0.0500,kodak_00695.jpg,0.0497,8.6870
1583140190.9800,1583140191.0200,0.0400,kodak_00696.jpg,0.0481,8.7273
1583140191.1900,1583140191.2100,0.0200,kodak_00697.jpg,0.0463,8.7676
1583140191.3800,1583140191.4000,0.0200,kodak_00698.jpg,0.0441,8.8075
1583140191.5700,1583140191.5900,0.0200,kodak_00699.jpg,0.0422,8.8476
1583140191.7800,1583140191.7800,0.0000,kodak_00700.jpg,0.0404,8.8880
1583140191.9800,1583140191.9700,0.0100,kodak_00701.jpg,0.0389,8.9281
1583140192.1800,1583140192.2300,0.0500,kodak_00702.jpg,0.0374,8.9681
1583140192.3900,1583140192.4200,0.0300,kodak_00703.jpg,0.0357,9.0083
1583140192.5900,1583140192.6100,0.0200,kodak_00704.jpg,0.0338,9.0483
1583140192.7700,1583140192.8100,0.0400,kodak_00705.jpg,0.0315,9.0885
1583140192.9700,1583140192.9900,0.0200,kodak_00706.jpg,0.0298,9.1291
1583140193.1600,1583140193.1900,0.0300,kodak_00707.jpg,0.0277,9.1685
1583140193.3600,1583140193.3700,0.0100,kodak_00708.jpg,0.0259,9.2089
1583140193.5800,1583140193.5600,0.0200,kodak_00709.jpg,0.0241,9.2490
1583140193.7700,1583140193.8200,0.0500,kodak_00710.jpg,0.0224,9.2892
1583140193.9600,1583140194.0100,0.0500,kodak_00711.jpg,0.0207,9.3298
1583140194.1800,1583140194.2000,0.0200,kodak_00712.jpg,0.0182,9.3698
1583140194.3900,1583140194.3900,0.0000,kodak_00713.jpg,0.0165,9.4098
1583140194.5900,1583140194.6000,0.0100,kodak_00714.jpg,0.0151,9.4502
1583140194.7700,1583140194.7800,0.0100,kodak_00715.jpg,0.0133,9.4902
1583140194.9800,1583140194.9700,0.0100,kodak_00716.jpg,0.0115,9.5304
1583140195.1600,1583140195.2300,0.0700,kodak_00717.jpg,0.0095,9.5705
1583140195.3800,1583140195.4100,0.0300,kodak_00718.jpg,0.0075,9.6104
1583140195.5700,1583140195.6000,0.0300,kodak_00719.jpg,0.0057,9.6508
1583140195.7900,1583140195.7900,0.0000,kodak_00720.jpg,0.0041,9.6912
1583140195.9800,1583140195.9800,0.0000,kodak_00721.jpg,0.0033,9.7315
1583140196.2000,1583140196.1700,0.0300,kodak_00722.jpg,0.0061,9.7673
1583140196.3800,1583140196.3700,0.0100,kodak_00723.jpg,0.0102,9.7934
1583140196.5800,1583140196.5600,0.0200,kodak_00724.jpg,0.0184,9.8066
1583140196.7900,1583140196.8100,0.0200,kodak_00725.jpg,0.0258,9.8155
1583140196.9900,1583140197.0000,0.0100,kodak_00726.jpg,0.0282,9.8168
1583140197.2000,1583140197.2000,0.0000,kodak_00727.jpg,0.0272,9.8176
1583140197.3900,1583140197.3900,0.0000,kodak_00728.jpg,0.0327,9.8167
1583140197.5800,1583140197.5800,0.0000,kodak_00729.jpg,0.0582,9.8121
1583140197.7800,1583140197.7700,0.0100,kodak_00730.jpg,0.0905,9.8021
1583140197.9900,1583140197.9600,0.0300,kodak_00731.jpg,0.1208,9.7874
1583140198.2000,1583140198.2200,0.0200,kodak_00732.jpg,0.1480,9.7670
1583140198.3800,1583140198.4100,0.0300,kodak_00733.jpg,0.1716,9.7430
1583140198.5700,1583140198.6000,0.0300,kodak_00734.jpg,0.1900,9.7173
1583140198.7700,1583140198.7900,0.0200,kodak_00735.jpg,0.2003,9.6995
1583140198.9700,1583140198.9900,0.0200,kodak_00736.jpg,0.2038,9.6973
1583140199.1600,1583140199.1800,0.0200,kodak_00737.jpg,0.2094,9.7005
1583140199.3800,1583140199.3700,0.0100,kodak_00738.jpg,0.2287,9.7100
1583140199.6000,1583140199.6300,0.0300,kodak_00739.jpg,0.2581,9.7158
1583140199.8000,1583140199.8200,0.0200,kodak_00740.jpg,0.2893,9.7167
1583140200.0000,1583140200.0000,0.0000,kodak_00741.jpg,0.3256,9.7186
1583140200.1800,1583140200.2200,0.0400,kodak_00742.jpg,0.3646,9.7277
1583140200.3800,1583140200.3900,0.0100,kodak_00743.jpg,0.4023,9.7376
1583140200.5700,1583140200.6000,0.0300,kodak_00744.jpg,0.4355,9.7468
1583140200.7800,1583140200.7900,0.0100,kodak_00745.jpg,0.4676,9.7499
1583140200.9800,1583140200.9700,0.0100,kodak_00746.jpg,0.4978,9.7472
1583140201.1700,1583140201.1700,0.0000,kodak_00747.jpg,0.5316,9.7422
1583140201.3900,1583140201.3600,0.0300,kodak_00748.jpg,0.5704,9.7361
1583140201.5800,1583140201.6200,0.0400,kodak_00749.jpg,0.6100,9.7400
1583140201.7900,1583140201.8200,0.0300,kodak_00750.jpg,0.6493,9.7450
1583140201.9900,1583140202.0100,0.0200,kodak_00751.jpg,0.6889,9.7498
1583140202.1700,1583140202.2200,0.0500,kodak_00752.jpg,0.7275,9.7547
1583140202.3900,1583140202.4100,0.0200,kodak_00753.jpg,0.7668,9.7598
1583140202.6000,1583140202.6000,0.0000,kodak_00754.jpg,0.8066,9.7627
1583140202.7800,1583140202.8000,0.0200,kodak_00755.jpg,0.8463,9.7624
1583140203.0000,1583140202.9800,0.0200,kodak_00756.jpg,0.8861,9.7587
1583140203.1900,1583140203.1800,0.0100,kodak_00757.jpg,0.9256,9.7571
1583140203.4100,1583140203.3800,0.0300,kodak_00758.jpg,0.9651,9.7589
1583140203.5900,1583140203.5600,0.0300,kodak_00759.jpg,1.0044,9.7622
1583140203.8000,1583140203.7600,0.0400,kodak_00760.jpg,1.0440,9.7648
1583140204.0100,1583140203.9500,0.0600,kodak_00761.jpg,1.0831,9.7661
1583140204.1700,1583140204.2100,0.0400,kodak_00762.jpg,1.1228,9.7681
1583140204.3800,1583140204.4100,0.0300,kodak_00763.jpg,1.1626,9.7701
1583140204.5800,1583140204.6000,0.0200,kodak_00764.jpg,1.2022,9.7719
1583140204.7700,1583140204.8000,0.0300,kodak_00765.jpg,1.2416,9.7743
1583140204.9700,1583140205.0000,0.0300,kodak_00766.jpg,1.2809,9.7763
1583140205.1700,1583140205.1900,0.0200,kodak_00767.jpg,1.3212,9.7783
1583140205.3800,1583140205.3800,0.0000,kodak_00768.jpg,1.3612,9.7757
1583140205.5800,1583140205.5700,0.0100,kodak_00769.jpg,1.4003,9.7704
1583140205.7900,1583140205.7700,0.0200,kodak_00770.jpg,1.4401,9.7680
1583140205.9900,1583140205.9700,0.0200,kodak_00771.jpg,1.4791,9.7682
1583140206.1800,1583140206.1600,0.0200,kodak_00772.jpg,1.5191,9.7681
1583140206.4000,1583140206.4200,0.0200,kodak_00773.jpg,1.5585,9.7679
1583140206.5900,1583140206.6100,0.0200,kodak_00774.jpg,1.5975,9.7680
1583140206.7800,1583140206.8100,0.0300,kodak_00775.jpg,1.6375,9.7700
1583140206.9700,1583140207.0000,0.0300,kodak_00776.jpg,1.6766,9.7738
1583140207.1800,1583140207.2100,0.0300,kodak_00777.jpg,1.7167,9.7760
1583140207.3900,1583140207.3900,0.0000,kodak_00778.jpg,1.7562,9.7770
1583140207.6000,1583140207.5800,0.0200,kodak_00779.jpg,1.7958,9.7782
1583140207.7900,1583140207.7700,0.0200,kodak_00780.jpg,1.8354,9.7797
1583140207.9900,1583140207.9700,0.0200,kodak_00781.jpg,1.8744,9.7804
1583140208.1900,1583140208.1800,0.0100,kodak_00782.jpg,1.9137,9.7810
1583140208.4000,1583140208.3600,0.0400,kodak_00783.jpg,1.9534,9.7821
1583140208.5900,1583140208.5500,0.0400,kodak_00784.jpg,1.9932,9.7826
1583140208.7900,1583140208.8200,0.0300,kodak_00785.jpg,2.0329,9.7836
1583140208.9900,1583140209.0100,0.0200,kodak_00786.jpg,2.0717,9.7849
1583140209.1900,1583140209.2000,0.0100,kodak_00787.jpg,2.1115,9.7861
1583140209.3900,1583140209.4000,0.0100,kodak_00788.jpg,2.1509,9.7866
1583140209.6000,1583140209.6000,0.0000,kodak_00789.jpg,2.1906,9.7871
1583140209.7900,1583140209.7900,0.0000,kodak_00790.jpg,2.2302,9.7876
1583140210.0100,1583140209.9800,0.0300,kodak_00791.jpg,2.2694,9.7887
1583140210.1900,1583140210.1700,0.0200,kodak_00792.jpg,2.3090,9.7894
1583140210.3900,1583140210.3700,0.0200,kodak_00793.jpg,2.3484,9.7907
1583140210.5900,1583140210.5700,0.0200,kodak_00794.jpg,2.3879,9.7912
1583140210.8100,1583140210.7600,0.0500,kodak_00795.jpg,2.4279,9.7933
1583140210.9900,1583140210.9600,0.0300,kodak_00796.jpg,2.4667,9.7971
1583140211.1800,1583140211.1500,0.0300,kodak_00797.jpg,2.5064,9.7981
1583140211.4000,1583140211.3500,0.0500,kodak_00798.jpg,2.5461,9.7996
1583140211.5900,1583140211.6100,0.0200,kodak_00799.jpg,2.5860,9.8015
1583140211.8200,1583140211.8100,0.0100,kodak_00800.jpg,2.6251,9.8030
1583140211.9900,1583140212.0100,0.0200,kodak_00801.jpg,2.6644,9.8045
1583140212.2000,1583140212.2000,0.0000,kodak_00802.jpg,2.7046,9.8059
1583140212.4100,1583140212.4000,0.0100,kodak_00803.jpg,2.7433,9.8071
1583140212.6100,1583140212.6100,0.0000,kodak_00804.jpg,2.7832,9.8085
1583140212.8000,1583140212.7900,0.0100,kodak_00805.jpg,2.8226,9.8101
1583140213.0000,1583140212.9800,0.0200,kodak_00806.jpg,2.8622,9.8119
1583140213.2000,1583140213.1700,0.0300,kodak_00807.jpg,2.9021,9.8138
1583140213.4000,1583140213.3700,0.0300,kodak_00808.jpg,2.9416,9.8153
1583140213.5900,1583140213.5700,0.0200,kodak_00809.jpg,2.9810,9.8160
1583140213.7900,1583140213.7600,0.0300,kodak_00810.jpg,3.0206,9.8176
1583140213.9900,1583140213.9600,0.0300,kodak_00811.jpg,3.0605,9.8191
1583140214.1900,1583140214.1500,0.0400,kodak_00812.jpg,3.1011,9.8215
1583140214.4000,1583140214.4100,0.0100,kodak_00813.jpg,3.1409,9.8245
1583140214.6100,1583140214.6000,0.0100,kodak_00814.jpg,3.1805,9.8270
1583140214.8100,1583140214.7900,0.0200,kodak_00815.jpg,3.2205,9.8289
1583140214.9900,1583140214.9900,0.0000,kodak_00816.jpg,3.2603,9.8304
1583140215.1900,1583140215.1900,0.0000,kodak_00817.jpg,3.2992,9.8345
1583140215.3800,1583140215.3800,0.0000,kodak_00818.jpg,3.3377,9.8436
1583140215.6000,1583140215.5700,0.0300,kodak_00819.jpg,3.3766,9.8485
1583140215.7900,1583140215.7700,0.0200,kodak_00820.jpg,3.4163,9.8511
1583140216.0000,1583140215.9600,0.0400,kodak_00821.jpg,3.4546,9.8530
1583140216.2000,1583140216.1600,0.0400,kodak_00822.jpg,3.4886,9.8510
1583140216.3900,1583140216.3600,0.0300,kodak_00823.jpg,3.5172,9.8434
1583140216.5900,1583140216.5500,0.0400,kodak_00824.jpg,3.5382,9.8297
1583140216.7900,1583140216.7500,0.0400,kodak_00825.jpg,3.5513,9.8198
1583140216.9900,1583140216.9800,0.0100,kodak_00826.jpg,3.5579,9.8111
1583140217.1900,1583140217.2300,0.0400,kodak_00827.jpg,3.5555,9.8098
1583140217.4000,1583140217.4100,0.0100,kodak_00828.jpg,3.5557,9.8098
1583140217.6000,1583140217.6000,0.0000,kodak_00829.jpg,3.5543,9.8022
1583140217.8000,1583140217.8000,0.0000,kodak_00830.jpg,3.5473,9.7740
1583140218.0000,1583140217.9900,0.0100,kodak_00831.jpg,3.5348,9.7423
1583140218.2000,1583140218.1900,0.0100,kodak_00832.jpg,3.5173,9.7141
1583140218.4000,1583140218.3800,0.0200,kodak_00833.jpg,3.4950,9.6881
1583140218.6100,1583140218.5800,0.0300,kodak_00834.jpg,3.4696,9.6676
1583140218.8100,1583140218.7800,0.0300,kodak_00835.jpg,3.4476,9.6558
1583140218.9900,1583140218.9700,0.0200,kodak_00836.jpg,3.4452,9.6522
1583140219.2000,1583140219.1800,0.0200,kodak_00837.jpg,3.4514,9.6445
1583140219.4000,1583140219.3700,0.0300,kodak_00838.jpg,3.4733,9.6233
1583140219.6100,1583140219.5600,0.0500,kodak_00839.jpg,3.4991,9.6028
1583140219.8200,1583140219.7600,0.0600,kodak_00840.jpg,3.5189,9.5759
1583140220.0000,1583140219.9600,0.0400,kodak_00841.jpg,3.5292,9.5490
1583140220.2100,1583140220.1600,0.0500,kodak_00842.jpg,3.5312,9.5185
1583140220.4000,1583140220.3600,0.0400,kodak_00843.jpg,3.5339,9.4848
1583140220.6000,1583140220.6100,0.0100,kodak_00844.jpg,3.5358,9.4523
1583140220.8000,1583140220.8000,0.0000,kodak_00845.jpg,3.5371,9.4210
1583140221.0100,1583140221.0000,0.0100,kodak_00846.jpg,3.5368,9.3896
1583140221.2100,1583140221.2000,0.0100,kodak_00847.jpg,3.5349,9.3579
1583140221.4100,1583140221.4000,0.0100,kodak_00848.jpg,3.5303,9.3267
1583140221.6000,1583140221.5900,0.0100,kodak_00849.jpg,3.5239,9.2958
1583140221.8100,1583140221.7900,0.0200,kodak_00850.jpg,3.5159,9.2650
1583140222.0200,1583140221.9900,0.0300,kodak_00851.jpg,3.5075,9.2314
1583140222.2100,1583140222.1800,0.0300,kodak_00852.jpg,3.4995,9.1921
1583140222.4100,1583140222.3800,0.0300,kodak_00853.jpg,3.5000,9.1521
1583140222.6200,1583140222.5700,0.0500,kodak_00854.jpg,3.4996,9.1128
1583140222.8000,1583140222.7700,0.0300,kodak_00855.jpg,3.4998,9.0735
1583140223.0000,1583140222.9800,0.0200,kodak_00856.jpg,3.4997,9.0344
1583140223.2000,1583140223.1700,0.0300,kodak_00857.jpg,3.5002,8.9954
1583140223.3900,1583140223.3600,0.0300,kodak_00858.jpg,3.5015,8.9557
1583140223.5900,1583140223.5500,0.0400,kodak_00859.jpg,3.5021,8.9160
1583140223.8100,1583140223.7500,0.0600,kodak_00860.jpg,3.5025,8.8762
1583140223.9900,1583140223.9500,0.0400,kodak_00861.jpg,3.5027,8.8370
1583140224.1900,1583140224.2100,0.0200,kodak_00862.jpg,3.5020,8.7980
1583140224.4100,1583140224.4000,0.0100,kodak_00863.jpg,3.5019,8.7589
1583140224.6200,1583140224.6200,0.0000,kodak_00864.jpg,3.5018,8.7199
1583140224.8100,1583140224.8300,0.0200,kodak_00865.jpg,3.5018,8.6806
1583140225.0000,1583140225.0000,0.0000,kodak_00866.jpg,3.5026,8.6412
1583140225.1900,1583140225.1900,0.0000,kodak_00867.jpg,3.5031,8.6016
1583140225.4000,1583140225.3900,0.0100,kodak_00868.jpg,3.5032,8.5621
1583140225.6000,1583140225.5800,0.0200,kodak_00869.jpg,3.5031,8.5233
1583140225.8100,1583140225.7800,0.0300,kodak_00870.jpg,3.5036,8.4836
1583140226.0100,1583140225.9700,0.0400,kodak_00871.jpg,3.5034,8.4447
1583140226.2100,1583140226.1700,0.0400,kodak_00872.jpg,3.5042,8.4050
1583140226.4100,1583140226.3600,0.0500,kodak_00873.jpg,3.5047,8.3657
1583140226.6200,1583140226.5600,0.0600,kodak_00874.jpg,3.5053,8.3256
1583140226.8100,1583140226.7500,0.0600,kodak_00875.jpg,3.5052,8.2865
1583140227.0100,1583140226.9500,0.0600,kodak_00876.jpg,3.5051,8.2468
1583140227.2000,1583140227.1500,0.0500,kodak_00877.jpg,3.5052,8.2075
1583140227.4000,1583140227.4000,0.0000,kodak_00878.jpg,3.5058,8.1683
1583140227.6100,1583140227.6000,0.0100,kodak_00879.jpg,3.5059,8.1289
1583140227.8200,1583140227.8000,0.0200,kodak_00880.jpg,3.5064,8.0891
1583140228.0200,1583140227.9900,0.0300,kodak_00881.jpg,3.5066,8.0499
1583140228.2400,1583140228.2500,0.0100,kodak_00882.jpg,3.5069,7.9904
1583140228.4000,1583140228.3800,0.0200,kodak_00883.jpg,3.5060,7.9709
1583140228.6100,1583140228.5700,0.0400,kodak_00884.jpg,3.5026,7.9312
1583140228.8100,1583140228.7700,0.0400,kodak_00885.jpg,3.5023,7.8913
1583140229.0100,1583140228.9600,0.0500,kodak_00886.jpg,3.5020,7.8525
1583140229.2100,1583140229.1600,0.0500,kodak_00887.jpg,3.5020,7.8134
1583140229.4000,1583140229.3600,0.0400,kodak_00888.jpg,3.5013,7.7742
1583140229.6100,1583140229.5500,0.0600,kodak_00889.jpg,3.5015,7.7348
1583140229.8100,1583140229.7500,0.0600,kodak_00890.jpg,3.5014,7.6953
1583140230.0000,1583140229.9400,0.0600,kodak_00891.jpg,3.5012,7.6560
1583140230.2000,1583140230.2000,0.0000,kodak_00892.jpg,3.5014,7.6164
1583140230.4000,1583140230.4000,0.0000,kodak_00893.jpg,3.5021,7.5771
1583140230.6100,1583140230.6200,0.0100,kodak_00894.jpg,3.5015,7.5375
1583140230.8100,1583140230.7900,0.0200,kodak_00895.jpg,3.5017,7.4977
1583140231.0100,1583140230.9800,0.0300,kodak_00896.jpg,3.5021,7.4583
1583140231.2100,1583140231.2400,0.0300,kodak_00897.jpg,3.5028,7.3992
1583140231.4100,1583140231.4300,0.0200,kodak_00898.jpg,3.5012,7.3601
1583140231.6200,1583140231.5700,0.0500,kodak_00899.jpg,3.5006,7.3408
1583140231.8100,1583140231.7600,0.0500,kodak_00900.jpg,3.5004,7.3004
1583140232.0100,1583140231.9500,0.0600,kodak_00901.jpg,3.5005,7.2613
1583140232.2300,1583140232.2800,0.0500,kodak_00902.jpg,3.5005,7.2023
1583140232.4200,1583140232.4700,0.0500,kodak_00903.jpg,3.5003,7.1626
1583140232.6100,1583140232.6700,0.0600,kodak_00904.jpg,3.4996,7.1233
1583140232.8200,1583140232.7900,0.0300,kodak_00905.jpg,3.4991,7.1037
1583140233.0300,1583140233.0500,0.0200,kodak_00906.jpg,3.4982,7.0441
1583140233.2300,1583140233.2400,0.0100,kodak_00907.jpg,3.4977,7.0052
1583140233.4200,1583140233.3700,0.0500,kodak_00908.jpg,3.4976,6.9855
1583140233.6400,1583140233.6900,0.0500,kodak_00909.jpg,3.4977,6.9267
1583140233.8300,1583140233.8800,0.0500,kodak_00910.jpg,3.4976,6.8877
1583140234.0200,1583140234.0800,0.0600,kodak_00911.jpg,3.4971,6.8484
1583140234.2100,1583140234.2600,0.0500,kodak_00912.jpg,3.4967,6.8092
1583140234.4000,1583140234.3900,0.0100,kodak_00913.jpg,3.4970,6.7894
1583140234.6000,1583140234.5800,0.0200,kodak_00914.jpg,3.4965,6.7502
1583140234.8100,1583140234.8300,0.0200,kodak_00915.jpg,3.4962,6.6908
1583140235.0200,1583140234.9600,0.0600,kodak_00916.jpg,3.4982,6.6705
1583140235.2300,1583140235.2800,0.0500,kodak_00917.jpg,3.5081,6.6118
1583140235.4300,1583140235.4700,0.0400,kodak_00918.jpg,3.5099,6.5724
1583140235.6200,1583140235.6600,0.0400,kodak_00919.jpg,3.5111,6.5332
1583140235.8300,1583140235.8500,0.0200,kodak_00920.jpg,3.5076,6.4938
1583140236.0300,1583140236.0400,0.0100,kodak_00921.jpg,3.5058,6.4544
1583140236.2100,1583140236.2400,0.0300,kodak_00922.jpg,3.5062,6.4149
1583140236.4200,1583140236.3700,0.0500,kodak_00923.jpg,3.5062,6.3951
1583140236.6300,1583140236.6900,0.0600,kodak_00924.jpg,3.5067,6.3357
1583140236.8100,1583140236.7500,0.0600,kodak_00925.jpg,3.5067,6.3165
1583140237.0100,1583140237.0700,0.0600,kodak_00926.jpg,3.5064,6.2569
1583140237.2100,1583140237.2000,0.0100,kodak_00927.jpg,3.5072,6.2367
1583140237.4100,1583140237.3900,0.0200,kodak_00928.jpg,3.5074,6.1970
1583140237.6100,1583140237.5800,0.0300,kodak_00929.jpg,3.5075,6.1583
1583140237.8300,1583140237.7700,0.0600,kodak_00930.jpg,3.5079,6.1192
1583140238.0200,1583140237.9600,0.0600,kodak_00931.jpg,3.5084,6.0797
1583140238.2300,1583140238.2800,0.0500,kodak_00932.jpg,3.5095,6.0213
1583140238.4200,1583140238.4700,0.0500,kodak_00933.jpg,3.5103,5.9814
1583140238.6200,1583140238.6000,0.0200,kodak_00934.jpg,3.5109,5.9615
1583140238.8200,1583140238.7900,0.0300,kodak_00935.jpg,3.5112,5.9221
1583140239.0400,1583140239.0400,0.0000,kodak_00936.jpg,3.5125,5.8633
1583140239.2200,1583140239.2400,0.0200,kodak_00937.jpg,3.5132,5.8235
1583140239.4200,1583140239.3600,0.0600,kodak_00938.jpg,3.5132,5.8043
1583140239.6200,1583140239.5600,0.0600,kodak_00939.jpg,3.5138,5.7647
1583140239.8200,1583140239.8700,0.0500,kodak_00940.jpg,3.5149,5.7050
1583140240.0200,1583140240.0600,0.0400,kodak_00941.jpg,3.5177,5.6657
1583140240.2200,1583140240.1900,0.0300,kodak_00942.jpg,3.5208,5.6462
1583140240.4100,1583140240.3800,0.0300,kodak_00943.jpg,3.5249,5.6077
1583140240.6300,1583140240.6400,0.0100,kodak_00944.jpg,3.5275,5.5484
1583140240.8200,1583140240.7700,0.0500,kodak_00945.jpg,3.5287,5.5286
1583140241.0200,1583140241.0800,0.0600,kodak_00946.jpg,3.5313,5.4699
1583140241.2200,1583140241.2800,0.0600,kodak_00947.jpg,3.5335,5.4309
1583140241.4300,1583140241.4700,0.0400,kodak_00948.jpg,3.5353,5.3913
1583140241.6300,1583140241.6500,0.0200,kodak_00949.jpg,3.5369,5.3521
1583140241.8300,1583140241.8500,0.0200,kodak_00950.jpg,3.5387,5.3121
1583140242.0200,1583140242.0400,0.0200,kodak_00951.jpg,3.5407,5.2727
1583140242.2300,1583140242.2300,0.0000,kodak_00952.jpg,3.5428,5.2336
1583140242.4400,1583140242.4900,0.0500,kodak_00953.jpg,3.5450,5.1943
1583140242.6500,1583140242.6800,0.0300,kodak_00954.jpg,3.5473,5.1549
1583140242.8200,1583140242.8700,0.0500,kodak_00955.jpg,3.5494,5.1156
1583140243.0300,1583140243.0600,0.0300,kodak_00956.jpg,3.5506,5.0753
1583140243.2200,1583140243.1900,0.0300,kodak_00957.jpg,3.5494,5.0562
1583140243.4300,1583140243.4400,0.0100,kodak_00958.jpg,3.5468,4.9981
1583140243.6300,1583140243.6300,0.0000,kodak_00959.jpg,3.5477,4.9584
1583140243.8300,1583140243.8900,0.0600,kodak_00960.jpg,3.5489,4.9195
1583140244.0500,1583140244.0800,0.0300,kodak_00961.jpg,3.5499,4.8799
1583140244.2300,1583140244.2700,0.0400,kodak_00962.jpg,3.5514,4.8403
1583140244.4400,1583140244.4700,0.0300,kodak_00963.jpg,3.5525,4.8012
1583140244.6300,1583140244.6600,0.0300,kodak_00964.jpg,3.5533,4.7612
1583140244.8400,1583140244.8400,0.0000,kodak_00965.jpg,3.5538,4.7217
1583140245.0400,1583140245.0400,0.0000,kodak_00966.jpg,3.5549,4.6824
1583140245.2400,1583140245.2900,0.0500,kodak_00967.jpg,3.5563,4.6433
1583140245.4300,1583140245.4800,0.0500,kodak_00968.jpg,3.5576,4.6038
1583140245.6400,1583140245.6700,0.0300,kodak_00969.jpg,3.5585,4.5638
1583140245.8400,1583140245.8700,0.0300,kodak_00970.jpg,3.5596,4.5243
1583140246.0500,1583140246.0600,0.0100,kodak_00971.jpg,3.5600,4.4852
1583140246.2400,1583140246.2500,0.0100,kodak_00972.jpg,3.5614,4.4454
1583140246.4400,1583140246.4400,0.0000,kodak_00973.jpg,3.5620,4.4066
1583140246.6400,1583140246.6300,0.0100,kodak_00974.jpg,3.5634,4.3671
1583140246.8400,1583140246.8900,0.0500,kodak_00975.jpg,3.5650,4.3274
1583140247.0300,1583140247.0800,0.0500,kodak_00976.jpg,3.5666,4.2877
1583140247.2400,1583140247.2700,0.0300,kodak_00977.jpg,3.5679,4.2484
1583140247.4300,1583140247.4600,0.0300,kodak_00978.jpg,3.5689,4.2089
1583140247.6500,1583140247.6500,0.0000,kodak_00979.jpg,3.5736,4.1700
1583140247.8400,1583140247.8500,0.0100,kodak_00980.jpg,3.5795,4.1315
1583140248.0300,1583140248.0400,0.0100,kodak_00981.jpg,3.5821,4.0922
1583140248.2300,1583140248.2200,0.0100,kodak_00982.jpg,3.5842,4.0527
1583140248.4500,1583140248.4800,0.0300,kodak_00983.jpg,3.5865,4.0137
1583140248.6400,1583140248.6700,0.0300,kodak_00984.jpg,3.5888,3.9737
1583140248.8400,1583140248.8800,0.0400,kodak_00985.jpg,3.5914,3.9345
1583140249.0300,1583140249.0500,0.0200,kodak_00986.jpg,3.5930,3.8952
1583140249.2300,1583140249.2400,0.0100,kodak_00987.jpg,3.5934,3.8555
1583140249.4200,1583140249.4400,0.0200,kodak_00988.jpg,3.5955,3.8165
1583140249.6300,1583140249.6300,0.0000,kodak_00989.jpg,3.5973,3.7772
1583140249.8500,1583140249.8800,0.0300,kodak_00990.jpg,3.5997,3.7372
1583140250.0500,1583140250.0700,0.0200,kodak_00991.jpg,3.6016,3.6980
1583140250.2300,1583140250.2600,0.0300,kodak_00992.jpg,3.6037,3.6589
1583140250.4400,1583140250.4500,0.0100,kodak_00993.jpg,3.6060,3.6202
1583140250.6500,1583140250.6500,0.0000,kodak_00994.jpg,3.6088,3.5811
1583140250.8500,1583140250.8400,0.0100,kodak_00995.jpg,3.6108,3.5412
1583140251.0300,1583140251.0300,0.0000,kodak_00996.jpg,3.6131,3.5020
1583140251.2300,1583140251.2800,0.0500,kodak_00997.jpg,3.6151,3.4624
1583140251.4300,1583140251.4800,0.0500,kodak_00998.jpg,3.6179,3.4239
1583140251.6300,1583140251.6700,0.0400,kodak_00999.jpg,3.6203,3.3848
1583140251.8300,1583140251.8600,0.0300,kodak_01000.jpg,3.6213,3.3453
1583140252.0300,1583140252.0500,0.0200,kodak_01001.jpg,3.6171,3.3052
1583140252.2400,1583140252.2400,0.0000,kodak_01002.jpg,3.6173,3.2648
1583140252.4400,1583140252.4500,0.0100,kodak_01003.jpg,3.6189,3.2252
1583140252.6300,1583140252.6900,0.0600,kodak_01004.jpg,3.6198,3.1861
1583140252.8400,1583140252.8800,0.0400,kodak_01005.jpg,3.6201,3.1468
1583140253.0400,1583140253.0700,0.0300,kodak_01006.jpg,3.6209,3.1071
1583140253.2200,1583140253.2600,0.0400,kodak_01007.jpg,3.6222,3.0677
1583140253.4200,1583140253.4500,0.0300,kodak_01008.jpg,3.6231,3.0280
1583140253.6400,1583140253.6400,0.0000,kodak_01009.jpg,3.6276,2.9877
1583140253.8500,1583140253.8300,0.0200,kodak_01010.jpg,3.6336,2.9487
1583140254.0400,1583140254.0200,0.0200,kodak_01011.jpg,3.6372,2.9094
1583140254.2400,1583140254.2800,0.0400,kodak_01012.jpg,3.6396,2.8700
1583140254.4300,1583140254.4700,0.0400,kodak_01013.jpg,3.6421,2.8313
1583140254.6500,1583140254.6700,0.0200,kodak_01014.jpg,3.6449,2.7921
1583140254.8400,1583140254.8600,0.0200,kodak_01015.jpg,3.6477,2.7524
1583140255.0400,1583140255.0400,0.0000,kodak_01016.jpg,3.6506,2.7126
1583140255.2300,1583140255.2400,0.0100,kodak_01017.jpg,3.6527,2.6733
1583140255.4400,1583140255.4300,0.0100,kodak_01018.jpg,3.6555,2.6343
1583140255.6500,1583140255.6800,0.0300,kodak_01019.jpg,3.6586,2.5950
1583140255.8400,1583140255.8700,0.0300,kodak_01020.jpg,3.6598,2.5553
1583140256.0300,1583140256.0700,0.0400,kodak_01021.jpg,3.6604,2.5158
1583140256.2500,1583140256.2600,0.0100,kodak_01022.jpg,3.6624,2.4768
1583140256.4400,1583140256.4500,0.0100,kodak_01023.jpg,3.6643,2.4377
1583140256.6500,1583140256.6400,0.0100,kodak_01024.jpg,3.6661,2.3979
1583140256.8300,1583140256.8400,0.0100,kodak_01025.jpg,3.6681,2.3589
1583140257.0300,1583140257.0200,0.0100,kodak_01026.jpg,3.6700,2.3194
1583140257.2300,1583140257.2800,0.0500,kodak_01027.jpg,3.6717,2.2805
1583140257.4300,1583140257.4700,0.0400,kodak_01028.jpg,3.6741,2.2413
1583140257.6300,1583140257.6600,0.0300,kodak_01029.jpg,3.6760,2.2017
1583140257.8200,1583140257.8500,0.0300,kodak_01030.jpg,3.6782,2.1623
1583140258.0300,1583140258.0400,0.0100,kodak_01031.jpg,3.6804,2.1233
1583140258.2300,1583140258.2300,0.0000,kodak_01032.jpg,3.6825,2.0840
1583140258.4500,1583140258.4200,0.0300,kodak_01033.jpg,3.6846,2.0446
1583140258.6500,1583140258.6800,0.0300,kodak_01034.jpg,3.6867,2.0046
1583140258.8400,1583140258.8700,0.0300,kodak_01035.jpg,3.6887,1.9656
1583140259.0300,1583140259.0600,0.0300,kodak_01036.jpg,3.6905,1.9260
1583140259.2300,1583140259.2500,0.0200,kodak_01037.jpg,3.6926,1.8865
1583140259.4400,1583140259.4400,0.0000,kodak_01038.jpg,3.6953,1.8473
1583140259.6500,1583140259.6300,0.0200,kodak_01039.jpg,3.6975,1.8079
1583140259.8500,1583140259.8300,0.0200,kodak_01040.jpg,3.6998,1.7687
1583140260.0500,1583140260.0200,0.0300,kodak_01041.jpg,3.7016,1.7297
1583140260.2500,1583140260.2800,0.0300,kodak_01042.jpg,3.7040,1.6902
1583140260.4500,1583140260.4800,0.0300,kodak_01043.jpg,3.7063,1.6509
1583140260.6500,1583140260.6800,0.0300,kodak_01044.jpg,3.7088,1.6115
1583140260.8500,1583140260.8700,0.0200,kodak_01045.jpg,3.7110,1.5724
1583140261.0500,1583140261.0700,0.0200,kodak_01046.jpg,3.7128,1.5333
1583140261.2500,1583140261.2600,0.0100,kodak_01047.jpg,3.7103,1.4929
1583140261.4400,1583140261.4600,0.0200,kodak_01048.jpg,3.7084,1.4538
1583140261.6600,1583140261.6500,0.0100,kodak_01049.jpg,3.7101,1.4140
1583140261.8500,1583140261.8400,0.0100,kodak_01050.jpg,3.7121,1.3745
1583140262.0500,1583140262.0400,0.0100,kodak_01051.jpg,3.7131,1.3352
1583140262.2400,1583140262.2300,0.0100,kodak_01052.jpg,3.7138,1.2959
1583140262.4500,1583140262.4300,0.0200,kodak_01053.jpg,3.7147,1.2563
1583140262.6500,1583140262.6300,0.0200,kodak_01054.jpg,3.7157,1.2170
1583140262.8500,1583140262.8200,0.0300,kodak_01055.jpg,3.7173,1.1773
1583140263.0500,1583140263.0100,0.0400,kodak_01056.jpg,3.7222,1.1377
1583140263.2500,1583140263.2800,0.0300,kodak_01057.jpg,3.7248,1.0983
1583140263.4600,1583140263.4700,0.0100,kodak_01058.jpg,3.7267,1.0596
1583140263.6700,1583140263.6700,0.0000,kodak_01059.jpg,3.7286,1.0206
1583140263.8600,1583140263.8600,0.0000,kodak_01060.jpg,3.7304,0.9812
1583140264.0400,1583140264.0600,0.0200,kodak_01061.jpg,3.7325,0.9412
1583140264.2500,1583140264.2500,0.0000,kodak_01062.jpg,3.7348,0.9016
1583140264.4600,1583140264.4500,0.0100,kodak_01063.jpg,3.7370,0.8625
1583140264.6500,1583140264.6400,0.0100,kodak_01064.jpg,3.7391,0.8226
1583140264.8500,1583140264.8400,0.0100,kodak_01065.jpg,3.7415,0.7827
1583140265.0600,1583140265.0400,0.0200,kodak_01066.jpg,3.7437,0.7440
1583140265.2400,1583140265.2200,0.0200,kodak_01067.jpg,3.7460,0.7048
1583140265.4500,1583140265.4200,0.0300,kodak_01068.jpg,3.7480,0.6657
1583140265.6600,1583140265.6200,0.0400,kodak_01069.jpg,3.7497,0.6264
1583140265.8500,1583140265.8800,0.0300,kodak_01070.jpg,3.7519,0.5871
1583140266.0600,1583140266.0800,0.0200,kodak_01071.jpg,3.7537,0.5477
1583140266.2400,1583140266.2700,0.0300,kodak_01072.jpg,3.7554,0.5087
1583140266.4500,1583140266.4700,0.0200,kodak_01073.jpg,3.7577,0.4696
1583140266.6400,1583140266.6600,0.0200,kodak_01074.jpg,3.7599,0.4299
1583140266.8500,1583140266.8500,0.0000,kodak_01075.jpg,3.7624,0.3903
1583140267.0600,1583140267.0600,0.0000,kodak_01076.jpg,3.7647,0.3511
1583140267.2400,1583140267.2500,0.0100,kodak_01077.jpg,3.7670,0.3115
1583140267.4600,1583140267.4400,0.0200,kodak_01078.jpg,3.7694,0.2721
1583140267.6500,1583140267.6300,0.0200,kodak_01079.jpg,3.7720,0.2332
1583140267.8600,1583140267.8300,0.0300,kodak_01080.jpg,3.7742,0.1938
1583140268.0600,1583140268.0200,0.0400,kodak_01081.jpg,3.7762,0.1541
1583140268.2500,1583140268.2200,0.0300,kodak_01082.jpg,3.7783,0.1149
1583140268.4500,1583140268.4200,0.0300,kodak_01083.jpg,3.7801,0.0756
1583140268.6600,1583140268.6800,0.0200,kodak_01084.jpg,3.7823,0.0365
1583140268.8500,1583140268.8700,0.0200,kodak_01085.jpg,3.7858,-0.0022
1583140269.0500,1583140269.0600,0.0100,kodak_01086.jpg,3.7928,-0.0415
1583140269.2600,1583140269.2600,0.0000,kodak_01087.jpg,3.7985,-0.0790
1583140269.4600,1583140269.4500,0.0100,kodak_01088.jpg,3.8020,-0.1191
1583140269.6600,1583140269.6500,0.0100,kodak_01089.jpg,3.8031,-0.1562
1583140269.8600,1583140269.8400,0.0200,kodak_01090.jpg,3.8002,-0.1881
1583140270.0700,1583140270.0300,0.0400,kodak_01091.jpg,3.7932,-0.2108
1583140270.2600,1583140270.2200,0.0400,kodak_01092.jpg,3.7814,-0.2238
1583140270.4600,1583140270.4100,0.0500,kodak_01093.jpg,3.7714,-0.2319
1583140270.6600,1583140270.6700,0.0100,kodak_01094.jpg,3.7658,-0.2362
1583140270.8600,1583140270.8600,0.0000,kodak_01095.jpg,3.7664,-0.2365
1583140271.0500,1583140271.0500,0.0000,kodak_01096.jpg,3.7617,-0.2411
1583140271.2400,1583140271.2400,0.0000,kodak_01097.jpg,3.7378,-0.2372
1583140271.4500,1583140271.4300,0.0200,kodak_01098.jpg,3.7057,-0.2273
1583140271.6500,1583140271.6200,0.0300,kodak_01099.jpg,3.6759,-0.2127
1583140271.8700,1583140271.8200,0.0500,kodak_01100.jpg,3.6482,-0.1928
1583140272.0700,1583140272.0800,0.0100,kodak_01101.jpg,3.6246,-0.1692
1583140272.2700,1583140272.2700,0.0000,kodak_01102.jpg,3.6092,-0.1495
1583140272.4700,1583140272.4800,0.0100,kodak_01103.jpg,3.6019,-0.1415
1583140272.6500,1583140272.6500,0.0000,kodak_01104.jpg,3.5943,-0.1480
1583140272.8500,1583140272.8400,0.0100,kodak_01105.jpg,3.5721,-0.1682
1583140273.0500,1583140273.0300,0.0200,kodak_01106.jpg,3.5525,-0.1931
1583140273.2700,1583140273.2200,0.0500,kodak_01107.jpg,3.5290,-0.2184
1583140273.4600,1583140273.4700,0.0100,kodak_01108.jpg,3.4997,-0.2359
1583140273.6600,1583140273.6700,0.0100,kodak_01109.jpg,3.4706,-0.2440
1583140273.8700,1583140273.8600,0.0100,kodak_01110.jpg,3.4377,-0.2487
1583140274.0600,1583140274.0600,0.0000,kodak_01111.jpg,3.4034,-0.2540
1583140274.2500,1583140274.2400,0.0100,kodak_01112.jpg,3.3710,-0.2571
1583140274.4600,1583140274.4400,0.0200,kodak_01113.jpg,3.3392,-0.2588
1583140274.6600,1583140274.6200,0.0400,kodak_01114.jpg,3.3069,-0.2573
1583140274.8600,1583140274.8400,0.0200,kodak_01115.jpg,3.2752,-0.2544
1583140275.0600,1583140275.0700,0.0100,kodak_01116.jpg,3.2442,-0.2515
1583140275.2500,1583140275.2600,0.0100,kodak_01117.jpg,3.2117,-0.2459
1583140275.4600,1583140275.4500,0.0100,kodak_01118.jpg,3.1804,-0.2403
1583140275.6600,1583140275.6500,0.0100,kodak_01119.jpg,3.1440,-0.2315
1583140275.8500,1583140275.8400,0.0100,kodak_01120.jpg,3.1033,-0.2276
1583140276.0500,1583140276.0200,0.0300,kodak_01121.jpg,3.0636,-0.2317
1583140276.2500,1583140276.2200,0.0300,kodak_01122.jpg,3.0239,-0.2384
1583140276.4700,1583140276.4700,0.0000,kodak_01123.jpg,2.9842,-0.2413
1583140276.6600,1583140276.6600,0.0000,kodak_01124.jpg,2.9441,-0.2434
1583140276.8800,1583140276.8500,0.0300,kodak_01125.jpg,2.9042,-0.2462
1583140277.0700,1583140277.0500,0.0200,kodak_01126.jpg,2.8639,-0.2488
1583140277.2700,1583140277.2300,0.0400,kodak_01127.jpg,2.8244,-0.2515
1583140277.4800,1583140277.4300,0.0500,kodak_01128.jpg,2.7845,-0.2543
1583140277.6700,1583140277.6200,0.0500,kodak_01129.jpg,2.7445,-0.2561
1583140277.8600,1583140277.8100,0.0500,kodak_01130.jpg,2.7042,-0.2587
1583140278.0500,1583140278.0600,0.0100,kodak_01131.jpg,2.6639,-0.2614
1583140278.2500,1583140278.2600,0.0100,kodak_01132.jpg,2.6240,-0.2641
1583140278.4600,1583140278.4600,0.0000,kodak_01133.jpg,2.5837,-0.2670
1583140278.6700,1583140278.6500,0.0200,kodak_01134.jpg,2.5432,-0.2702
1583140278.8700,1583140278.8500,0.0200,kodak_01135.jpg,2.5032,-0.2728
1583140279.0700,1583140279.0500,0.0200,kodak_01136.jpg,2.4634,-0.2751
1583140279.2900,1583140279.3200,0.0300,kodak_01137.jpg,2.4029,-0.2799
1583140279.4900,1583140279.4700,0.0200,kodak_01138.jpg,2.3830,-0.2803
1583140279.6600,1583140279.6600,0.0000,kodak_01139.jpg,2.3430,-0.2830
1583140279.8700,1583140279.8500,0.0200,kodak_01140.jpg,2.3030,-0.2858
1583140280.0600,1583140280.0300,0.0300,kodak_01141.jpg,2.2632,-0.2882
1583140280.2700,1583140280.2300,0.0400,kodak_01142.jpg,2.2232,-0.2900
1583140280.4600,1583140280.4200,0.0400,kodak_01143.jpg,2.1827,-0.2927
1583140280.6700,1583140280.6200,0.0500,kodak_01144.jpg,2.1428,-0.2953
1583140280.8800,1583140280.9500,0.0700,kodak_01145.jpg,2.0826,-0.2995
1583140281.0800,1583140281.0700,0.0100,kodak_01146.jpg,2.0627,-0.3007
1583140281.2700,1583140281.2600,0.0100,kodak_01147.jpg,2.0227,-0.3034
1583140281.4800,1583140281.4600,0.0200,kodak_01148.jpg,1.9827,-0.3062
1583140281.6800,1583140281.6500,0.0300,kodak_01149.jpg,1.9426,-0.3088
1583140281.8500,1583140281.8500,0.0000,kodak_01150.jpg,1.9027,-0.3109
1583140282.0600,1583140282.0500,0.0100,kodak_01151.jpg,1.8624,-0.3133
1583140282.2700,1583140282.2400,0.0300,kodak_01152.jpg,1.8219,-0.3160
1583140282.4600,1583140282.4300,0.0300,kodak_01153.jpg,1.7863,-0.3187
1583140282.6600,1583140282.6300,0.0300,kodak_01154.jpg,1.7699,-0.3194
1583140282.8700,1583140282.8400,0.0300,kodak_01155.jpg,1.7632,-0.3201
1583140283.0800,1583140283.0300,0.0500,kodak_01156.jpg,1.7481,-0.3204
1583140283.2700,1583140283.2200,0.0500,kodak_01157.jpg,1.7361,-0.3217
1583140283.4700,1583140283.4100,0.0600,kodak_01158.jpg,1.7246,-0.3228
1583140283.6700,1583140283.6100,0.0600,kodak_01159.jpg,1.7138,-0.3228
1583140283.8700,1583140283.8100,0.0600,kodak_01160.jpg,1.7029,-0.3238
1583140284.0700,1583140284.0100,0.0600,kodak_01161.jpg,1.6925,-0.3247
1583140284.2700,1583140284.2100,0.0600,kodak_01162.jpg,1.6822,-0.3249
1583140284.4800,1583140284.4200,0.0600,kodak_01163.jpg,1.6716,-0.3254
1583140284.6700,1583140284.6200,0.0500,kodak_01164.jpg,1.6611,-0.3267
1583140284.8800,1583140284.9400,0.0600,kodak_01165.jpg,1.6455,-0.3268
1583140285.0700,1583140285.0100,0.0600,kodak_01166.jpg,1.6403,-0.3271
1583140285.2800,1583140285.3400,0.0600,kodak_01167.jpg,1.6246,-0.3284
1583140285.4800,1583140285.5400,0.0600,kodak_01168.jpg,1.6145,-0.3287
1583140285.6700,1583140285.6100,0.0600,kodak_01169.jpg,1.6092,-0.3287
1583140285.8700,1583140285.8100,0.0600,kodak_01170.jpg,1.5987,-0.3297
1583140286.0800,1583140286.0200,0.0600,kodak_01171.jpg,1.5884,-0.3310
1583140286.2700,1583140286.3300,0.0600,kodak_01172.jpg,1.5731,-0.3313
1583140286.4800,1583140286.4600,0.0200,kodak_01173.jpg,1.5677,-0.3319
1583140286.6900,1583140286.6600,0.0300,kodak_01174.jpg,1.5568,-0.3327
1583140286.8900,1583140286.9200,0.0300,kodak_01175.jpg,1.5414,-0.3334
1583140287.0700,1583140287.0500,0.0200,kodak_01176.jpg,1.5362,-0.3333
1583140287.2700,1583140287.2500,0.0200,kodak_01177.jpg,1.5255,-0.3348
1583140287.4900,1583140287.4500,0.0400,kodak_01178.jpg,1.5147,-0.3357
1583140287.6900,1583140287.7100,0.0200,kodak_01179.jpg,1.4988,-0.3345
1583140287.8900,1583140287.9100,0.0200,kodak_01180.jpg,1.4882,-0.3354
1583140288.0900,1583140288.1100,0.0200,kodak_01181.jpg,1.4776,-0.3359
1583140288.2800,1583140288.3100,0.0300,kodak_01182.jpg,1.4677,-0.3359
1583140288.4700,1583140288.4500,0.0200,kodak_01183.jpg,1.4622,-0.3363
1583140288.6700,1583140288.6500,0.0200,kodak_01184.jpg,1.4515,-0.3375
1583140288.8700,1583140288.8400,0.0300,kodak_01185.jpg,1.4410,-0.3381
1583140289.0800,1583140289.1100,0.0300,kodak_01186.jpg,1.4257,-0.3390
1583140289.2700,1583140289.2400,0.0300,kodak_01187.jpg,1.4202,-0.3395
1583140289.4800,1583140289.4400,0.0400,kodak_01188.jpg,1.4096,-0.3405
1583140289.6800,1583140289.7100,0.0300,kodak_01189.jpg,1.3945,-0.3412
1583140289.8700,1583140289.8400,0.0300,kodak_01190.jpg,1.3891,-0.3416
1583140290.0700,1583140290.0400,0.0300,kodak_01191.jpg,1.3784,-0.3428
1583140290.2700,1583140290.2300,0.0400,kodak_01192.jpg,1.3681,-0.3432
1583140290.4800,1583140290.4200,0.0600,kodak_01193.jpg,1.3580,-0.3437
1583140290.6800,1583140290.7400,0.0600,kodak_01194.jpg,1.3421,-0.3452
1583140290.8800,1583140290.9300,0.0500,kodak_01195.jpg,1.3320,-0.3455
1583140291.0800,1583140291.0600,0.0200,kodak_01196.jpg,1.3271,-0.3457
1583140291.2700,1583140291.2600,0.0100,kodak_01197.jpg,1.3164,-0.3467
1583140291.4800,1583140291.4500,0.0300,kodak_01198.jpg,1.3060,-0.3476
1583140291.6800,1583140291.7100,0.0300,kodak_01199.jpg,1.2906,-0.3485
1583140291.8800,1583140291.9000,0.0200,kodak_01200.jpg,1.2802,-0.3496
1583140292.0700,1583140292.0300,0.0400,kodak_01201.jpg,1.2748,-0.3502
1583140292.2700,1583140292.2200,0.0500,kodak_01202.jpg,1.2644,-0.3505
1583140292.4900,1583140292.5500,0.0600,kodak_01203.jpg,1.2487,-0.3514
1583140292.6800,1583140292.6600,0.0200,kodak_01204.jpg,1.2435,-0.3520
1583140292.8700,1583140292.8100,0.0600,kodak_01205.jpg,1.2328,-0.3526
1583140293.0600,1583140293.0100,0.0500,kodak_01206.jpg,1.2231,-0.3524
1583140293.2800,1583140293.2200,0.0600,kodak_01207.jpg,1.2124,-0.3538
1583140293.5000,1583140293.5500,0.0500,kodak_01208.jpg,1.1966,-0.3551
1583140293.6900,1583140293.7500,0.0600,kodak_01209.jpg,1.1866,-0.3551
1583140293.8900,1583140293.9400,0.0500,kodak_01210.jpg,1.1759,-0.3563
1583140294.0900,1583140294.1200,0.0300,kodak_01211.jpg,1.1654,-0.3572
1583140294.2900,1583140294.2500,0.0400,kodak_01212.jpg,1.1603,-0.3574
1583140294.5000,1583140294.5300,0.0300,kodak_01213.jpg,1.1448,-0.3583
1583140294.6800,1583140294.6600,0.0200,kodak_01214.jpg,1.1395,-0.3590
1583140294.8700,1583140294.8600,0.0100,kodak_01215.jpg,1.1291,-0.3600
1583140295.0800,1583140295.0500,0.0300,kodak_01216.jpg,1.1191,-0.3603
1583140295.2800,1583140295.2500,0.0300,kodak_01217.jpg,1.1088,-0.3613
1583140295.4900,1583140295.5100,0.0200,kodak_01218.jpg,1.0930,-0.3625
1583140295.6800,1583140295.7100,0.0300,kodak_01219.jpg,1.0827,-0.3623
1583140295.8800,1583140295.9000,0.0200,kodak_01220.jpg,1.0719,-0.3635
1583140296.0900,1583140296.1000,0.0100,kodak_01221.jpg,1.0613,-0.3645
1583140296.3000,1583140296.3600,0.0600,kodak_01222.jpg,1.0513,-0.3647
1583140296.5000,1583140296.5500,0.0500,kodak_01223.jpg,1.0406,-0.3656
1583140296.6900,1583140296.7500,0.0600,kodak_01224.jpg,1.0302,-0.3670
1583140296.9000,1583140296.9400,0.0400,kodak_01225.jpg,1.0199,-0.3674
1583140297.0900,1583140297.1400,0.0500,kodak_01226.jpg,1.0096,-0.3678
1583140297.2800,1583140297.3300,0.0500,kodak_01227.jpg,0.9990,-0.3689
1583140297.4800,1583140297.5200,0.0400,kodak_01228.jpg,0.9885,-0.3697
1583140297.6800,1583140297.6600,0.0200,kodak_01229.jpg,0.9836,-0.3700
1583140297.8800,1583140297.8500,0.0300,kodak_01230.jpg,0.9732,-0.3707
1583140298.0900,1583140298.1100,0.0200,kodak_01231.jpg,0.9570,-0.3721
1583140298.2900,1583140298.3100,0.0200,kodak_01232.jpg,0.9470,-0.3725
1583140298.4800,1583140298.5000,0.0200,kodak_01233.jpg,0.9367,-0.3734
1583140298.6900,1583140298.7000,0.0100,kodak_01234.jpg,0.9258,-0.3745
1583140298.8800,1583140298.8900,0.0100,kodak_01235.jpg,0.9156,-0.3751
1583140299.0800,1583140299.0200,0.0600,kodak_01236.jpg,0.9105,-0.3751
1583140299.2800,1583140299.2200,0.0600,kodak_01237.jpg,0.8997,-0.3761
1583140299.4800,1583140299.5400,0.0600,kodak_01238.jpg,0.8842,-0.3776
1583140299.6800,1583140299.7300,0.0500,kodak_01239.jpg,0.8744,-0.3779
1583140299.8900,1583140299.9200,0.0300,kodak_01240.jpg,0.8639,-0.3792
1583140300.1000,1583140300.1100,0.0100,kodak_01241.jpg,0.8532,-0.3810
1583140300.3000,1583140300.3000,0.0000,kodak_01242.jpg,0.8429,-0.3808
1583140300.4900,1583140300.4900,0.0000,kodak_01243.jpg,0.8323,-0.3818
1583140300.6900,1583140300.7500,0.0600,kodak_01244.jpg,0.8220,-0.3832
1583140300.8900,1583140300.9400,0.0500,kodak_01245.jpg,0.8107,-0.3849
1583140301.0900,1583140301.1300,0.0400,kodak_01246.jpg,0.8000,-0.3886
1583140301.2800,1583140301.3200,0.0400,kodak_01247.jpg,0.7906,-0.3968
1583140301.4800,1583140301.4500,0.0300,kodak_01248.jpg,0.7845,-0.4004
1583140301.6900,1583140301.7100,0.0200,kodak_01249.jpg,0.7672,-0.3985
1583140301.8800,1583140301.9000,0.0200,kodak_01250.jpg,0.7682,-0.3969
1583140302.1000,1583140302.1600,0.0600,kodak_01251.jpg,0.7674,-0.3976
1583140302.2900,1583140302.3400,0.0500,kodak_01252.jpg,0.7660,-0.3853
1583140302.4900,1583140302.5400,0.0500,kodak_01253.jpg,0.7667,-0.3541
1583140302.6800,1583140302.7300,0.0500,kodak_01254.jpg,0.7721,-0.3208
1583140302.8900,1583140302.9300,0.0400,kodak_01255.jpg,0.7831,-0.2883
1583140303.0900,1583140303.0600,0.0300,kodak_01256.jpg,0.7898,-0.2733
1583140303.2900,1583140303.3200,0.0300,kodak_01257.jpg,0.8076,-0.2436
1583140303.5000,1583140303.5200,0.0200,kodak_01258.jpg,0.8027,-0.2402
1583140303.7000,1583140303.7100,0.0100,kodak_01259.jpg,0.7839,-0.2224
1583140303.8900,1583140303.9100,0.0200,kodak_01260.jpg,0.7598,-0.2029
1583140304.1000,1583140304.1100,0.0100,kodak_01261.jpg,0.7375,-0.1825
1583140304.3100,1583140304.3000,0.0100,kodak_01262.jpg,0.7139,-0.1626
1583140304.4900,1583140304.5000,0.0100,kodak_01263.jpg,0.6915,-0.1411
1583140304.6900,1583140304.6900,0.0000,kodak_01264.jpg,0.6687,-0.1195
1583140304.8900,1583140304.9600,0.0700,kodak_01265.jpg,0.6450,-0.0998
1583140305.0800,1583140305.0200,0.0600,kodak_01266.jpg,0.6332,-0.0896
1583140305.2900,1583140305.3500,0.0600,kodak_01267.jpg,0.5976,-0.0596
1583140305.4800,1583140305.4100,0.0700,kodak_01268.jpg,0.5866,-0.0487
1583140305.6900,1583140305.7400,0.0500,kodak_01269.jpg,0.5522,-0.0165
1583140305.8900,1583140305.9400,0.0500,kodak_01270.jpg,0.5297,0.0054
1583140306.0900,1583140306.1400,0.0500,kodak_01271.jpg,0.5077,0.0281
1583140306.3100,1583140306.3300,0.0200,kodak_01272.jpg,0.4847,0.0493
1583140306.5000,1583140306.5300,0.0300,kodak_01273.jpg,0.4626,0.0713
1583140306.6900,1583140306.7300,0.0400,kodak_01274.jpg,0.4404,0.0915
1583140306.9000,1583140306.9200,0.0200,kodak_01275.jpg,0.4159,0.1128
1583140307.0900,1583140307.1200,0.0300,kodak_01276.jpg,0.3945,0.1355
1583140307.2900,1583140307.3200,0.0300,kodak_01277.jpg,0.3731,0.1579
1583140307.4900,1583140307.5200,0.0300,kodak_01278.jpg,0.3514,0.1810
1583140307.6800,1583140307.6500,0.0300,kodak_01279.jpg,0.3411,0.1940
1583140307.8800,1583140307.8500,0.0300,kodak_01280.jpg,0.3201,0.2150
1583140308.0900,1583140308.1100,0.0200,kodak_01281.jpg,0.2857,0.2512
1583140308.3000,1583140308.3000,0.0000,kodak_01282.jpg,0.2680,0.2779
1583140308.5200,1583140308.4900,0.0300,kodak_01283.jpg,0.2461,0.2946
1583140308.7100,1583140308.7500,0.0400,kodak_01284.jpg,0.2215,0.3156
1583140308.9100,1583140308.9400,0.0300,kodak_01285.jpg,0.2054,0.3351
1583140309.1000,1583140309.1300,0.0300,kodak_01286.jpg,0.2055,0.3340
1583140309.3000,1583140309.3200,0.0200,kodak_01287.jpg,0.2063,0.3349
1583140309.4900,1583140309.5100,0.0200,kodak_01288.jpg,0.2019,0.3300
1583140309.7000,1583140309.7100,0.0100,kodak_01289.jpg,0.1826,0.3078
1583140309.9000,1583140309.9100,0.0100,kodak_01290.jpg,0.1641,0.2793
1583140310.1000,1583140310.1100,0.0100,kodak_01291.jpg,0.1554,0.2521
1583140310.3000,1583140310.3100,0.0100,kodak_01292.jpg,0.1480,0.2218
1583140310.5000,1583140310.5100,0.0100,kodak_01293.jpg,0.1454,0.1905
1583140310.6900,1583140310.7100,0.0200,kodak_01294.jpg,0.1467,0.1559
1583140310.9000,1583140310.9000,0.0000,kodak_01295.jpg,0.1527,0.1311
1583140311.0900,1583140311.1000,0.0100,kodak_01296.jpg,0.1537,0.1192
1583140311.3000,1583140311.3000,0.0000,kodak_01297.jpg,0.1504,0.1156
1583140311.5000,1583140311.5000,0.0000,kodak_01298.jpg,0.1463,0.1107
1583140311.7000,1583140311.7000,0.0000,kodak_01299.jpg,0.1441,0.1035
1583140311.8900,1583140311.9000,0.0100,kodak_01300.jpg,0.1415,0.0984
1583140312.0900,1583140312.1000,0.0100,kodak_01301.jpg,0.1414,0.0946
1583140312.3100,1583140312.3000,0.0100,kodak_01302.jpg,0.1401,0.0918
1583140312.5000,1583140312.4900,0.0100,kodak_01303.jpg,0.1419,0.0852
1583140312.7100,1583140312.7500,0.0400,kodak_01304.jpg,0.1559,0.0679
1583140312.9000,1583140312.9400,0.0400,kodak_01305.jpg,0.1711,0.0475
1583140313.0900,1583140313.1400,0.0500,kodak_01306.jpg,0.1888,0.0283
1583140313.2900,1583140313.3300,0.0400,kodak_01307.jpg,0.1974,0.0163
1583140313.4900,1583140313.5200,0.0300,kodak_01308.jpg,0.1942,0.0123
1583140313.6900,1583140313.7100,0.0200,kodak_01309.jpg,0.1918,0.0091
1583140313.9100,1583140313.9100,0.0000,kodak_01310.jpg,0.1856,-0.0017
1583140314.1100,1583140314.1100,0.0000,kodak_01311.jpg,0.1760,-0.0260
1583140314.3100,1583140314.3200,0.0100,kodak_01312.jpg,0.1668,-0.0483
1583140314.4900,1583140314.5300,0.0400,kodak_01313.jpg,0.1556,-0.0697
1583140314.6900,1583140314.7200,0.0300,kodak_01314.jpg,0.1479,-0.0952
1583140314.9100,1583140314.9200,0.0100,kodak_01315.jpg,0.1419,-0.1151
1583140315.1000,1583140315.1200,0.0200,kodak_01316.jpg,0.1385,-0.1260
1583140315.3100,1583140315.3200,0.0100,kodak_01317.jpg,0.1541,-0.0930
1583140315.5200,1583140315.5200,0.0000,kodak_01318.jpg,0.1562,-0.0647
1583140315.7000,1583140315.7200,0.0200,kodak_01319.jpg,0.1567,-0.0311
1583140315.9000,1583140315.9200,0.0200,kodak_01320.jpg,0.1771,-0.0209
1583140316.1000,1583140316.1200,0.0200,kodak_01321.jpg,0.2078,-0.0054
1583140316.3000,1583140316.3200,0.0200,kodak_01322.jpg,0.2310,0.0217
1583140316.5000,1583140316.5100,0.0100,kodak_01323.jpg,0.2529,0.0514
1583140316.7000,1583140316.7000,0.0000,kodak_01324.jpg,0.2713,0.0845
1583140316.9000,1583140316.8900,0.0100,kodak_01325.jpg,0.2867,0.1081
1583140317.1100,1583140317.1400,0.0300,kodak_01326.jpg,0.2930,0.1184
1583140317.3100,1583140317.3400,0.0300,kodak_01327.jpg,0.2925,0.1167
1583140317.5000,1583140317.5300,0.0300,kodak_01328.jpg,0.2915,0.1153
1583140317.7200,1583140317.7200,0.0000,kodak_01329.jpg,0.2710,0.1289
1583140317.9100,1583140317.9100,0.0000,kodak_01330.jpg,0.2368,0.1608
1583140318.1200,1583140318.1000,0.0200,kodak_01331.jpg,0.2111,0.2012
1583140318.3200,1583140318.2900,0.0300,kodak_01332.jpg,0.1945,0.2517
1583140318.5000,1583140318.4900,0.0100,kodak_01333.jpg,0.1884,0.2995
1583140318.7200,1583140318.7500,0.0300,kodak_01334.jpg,0.1924,0.3343
1583140318.8900,1583140318.9400,0.0500,kodak_01335.jpg,0.1935,0.3488
1583140319.1000,1583140319.1300,0.0300,kodak_01336.jpg,0.1911,0.3472
1583140319.3000,1583140319.3300,0.0300,kodak_01337.jpg,0.1917,0.3446
1583140319.5100,1583140319.5300,0.0200,kodak_01338.jpg,0.1910,0.3430
1583140319.7200,1583140319.7200,0.0000,kodak_01339.jpg,0.1864,0.3278
1583140319.9200,1583140319.9100,0.0100,kodak_01340.jpg,0.1795,0.2933
1583140320.1300,1583140320.1100,0.0200,kodak_01341.jpg,0.1879,0.2635
1583140320.3000,1583140320.3000,0.0000,kodak_01342.jpg,0.1935,0.2378
1583140320.4900,1583140320.5000,0.0100,kodak_01343.jpg,0.2036,0.2120
1583140320.7100,1583140320.6900,0.0200,kodak_01344.jpg,0.2046,0.2019
1583140320.9100,1583140320.8900,0.0200,kodak_01345.jpg,0.2002,0.2016
1583140321.1000,1583140321.0800,0.0200,kodak_01346.jpg,0.1909,0.1918
1583140321.3000,1583140321.3400,0.0400,kodak_01347.jpg,0.1883,0.1857
1583140321.5100,1583140321.5400,0.0300,kodak_01348.jpg,0.1842,0.1812
1583140321.6900,1583140321.7300,0.0400,kodak_01349.jpg,0.1816,0.1690
1583140321.9100,1583140321.9300,0.0200,kodak_01350.jpg,0.1798,0.1581
1583140322.1100,1583140322.1300,0.0200,kodak_01351.jpg,0.1744,0.1471
1583140322.3100,1583140322.3200,0.0100,kodak_01352.jpg,0.1697,0.1364
1583140322.5000,1583140322.5200,0.0200,kodak_01353.jpg,0.1652,0.1253
1583140322.7000,1583140322.7100,0.0100,kodak_01354.jpg,0.1611,0.1143
1583140322.9200,1583140322.9100,0.0100,kodak_01355.jpg,0.1562,0.1041
1583140323.1200,1583140323.1000,0.0200,kodak_01356.jpg,0.1537,0.0919
1583140323.3200,1583140323.3000,0.0200,kodak_01357.jpg,0.1505,0.0807
1583140323.5000,1583140323.4900,0.0100,kodak_01358.jpg,0.1474,0.0684
1583140323.7100,1583140323.6900,0.0200,kodak_01359.jpg,0.1452,0.0572
1583140323.9000,1583140323.8800,0.0200,kodak_01360.jpg,0.1423,0.0448
1583140324.1000,1583140324.0800,0.0200,kodak_01361.jpg,0.1401,0.0339
1583140324.3100,1583140324.3400,0.0300,kodak_01362.jpg,0.1381,0.0218
1583140324.5000,1583140324.5400,0.0400,kodak_01363.jpg,0.1373,0.0100
1583140324.7000,1583140324.7300,0.0300,kodak_01364.jpg,0.1366,-0.0021
1583140324.9000,1583140324.9600,0.0600,kodak_01365.jpg,0.1364,-0.0138
1583140325.1000,1583140325.1200,0.0200,kodak_01366.jpg,0.1350,-0.0255
1583140325.3100,1583140325.3100,0.0000,kodak_01367.jpg,0.1357,-0.0370
1583140325.5200,1583140325.5000,0.0200,kodak_01368.jpg,0.1344,-0.0461
1583140325.7100,1583140325.6900,0.0200,kodak_01369.jpg,0.1330,-0.0578
1583140325.9200,1583140325.8800,0.0400,kodak_01370.jpg,0.1330,-0.0700
1583140326.1300,1583140326.0800,0.0500,kodak_01371.jpg,0.1298,-0.0785
1583140326.3300,1583140326.3300,0.0000,kodak_01372.jpg,0.1253,-0.0876
1583140326.5200,1583140326.5200,0.0000,kodak_01373.jpg,0.1235,-0.1008
1583140326.7200,1583140326.7200,0.0000,kodak_01374.jpg,0.1250,-0.1124
1583140326.9300,1583140326.9000,0.0300,kodak_01375.jpg,0.1258,-0.1241
1583140327.1300,1583140327.1100,0.0200,kodak_01376.jpg,0.1244,-0.1352
1583140327.3200,1583140327.3100,0.0100,kodak_01377.jpg,0.1248,-0.1444
1583140327.5300,1583140327.5100,0.0200,kodak_01378.jpg,0.1228,-0.1547
1583140327.7100,1583140327.7100,0.0000,kodak_01379.jpg,0.1218,-0.1644
1583140327.9100,1583140327.9100,0.0000,kodak_01380.jpg,0.1225,-0.1747
1583140328.1100,1583140328.1100,0.0000,kodak_01381.jpg,0.1213,-0.1799
1583140328.3200,1583140328.3100,0.0100,kodak_01382.jpg,0.1216,-0.1861
1583140328.5200,1583140328.5000,0.0200,kodak_01383.jpg,0.1217,-0.1942
1583140328.7200,1583140328.6900,0.0300,kodak_01384.jpg,0.1219,-0.2011
1583140328.9100,1583140328.8900,0.0200,kodak_01385.jpg,0.1241,-0.1798
1583140329.1200,1583140329.0800,0.0400,kodak_01386.jpg,0.1215,-0.1719
1583140329.3100,1583140329.3300,0.0200,kodak_01387.jpg,0.1331,-0.1467
1583140329.5200,1583140329.5300,0.0100,kodak_01388.jpg,0.1451,-0.1102
1583140329.7100,1583140329.7200,0.0100,kodak_01389.jpg,0.1564,-0.0705
1583140329.9100,1583140329.9100,0.0000,kodak_01390.jpg,0.1635,-0.0281
1583140330.1100,1583140330.1000,0.0100,kodak_01391.jpg,0.1708,0.0073
1583140330.3100,1583140330.2900,0.0200,kodak_01392.jpg,0.1890,0.0370
1583140330.5200,1583140330.4800,0.0400,kodak_01393.jpg,0.2015,0.0753
1583140330.7300,1583140330.7400,0.0100,kodak_01394.jpg,0.2114,0.1154
1583140330.9300,1583140330.9300,0.0000,kodak_01395.jpg,0.2218,0.1542
1583140331.1100,1583140331.1200,0.0100,kodak_01396.jpg,0.2327,0.1931
1583140331.3100,1583140331.3100,0.0000,kodak_01397.jpg,0.2429,0.2317
1583140331.5300,1583140331.5000,0.0300,kodak_01398.jpg,0.2535,0.2706
1583140331.7200,1583140331.6900,0.0300,kodak_01399.jpg,0.2639,0.3097
1583140331.9200,1583140331.8800,0.0400,kodak_01400.jpg,0.2713,0.3430
1583140332.1200,1583140332.0700,0.0500,kodak_01401.jpg,0.2757,0.3575
1583140332.3100,1583140332.2800,0.0300,kodak_01402.jpg,0.2798,0.3587
1583140332.5100,1583140332.4800,0.0300,kodak_01403.jpg,0.2794,0.3581
1583140332.7300,1583140332.6800,0.0500,kodak_01404.jpg,0.2932,0.3546
1583140332.9400,1583140332.8800,0.0600,kodak_01405.jpg,0.3321,0.3502
1583140333.1300,1583140333.0700,0.0600,kodak_01406.jpg,0.3811,0.3555
1583140333.3400,1583140333.2800,0.0600,kodak_01407.jpg,0.4272,0.3722
1583140333.5200,1583140333.4800,0.0400,kodak_01408.jpg,0.4680,0.3992
1583140333.7200,1583140333.6700,0.0500,kodak_01409.jpg,0.4981,0.4290
1583140333.9200,1583140333.8800,0.0400,kodak_01410.jpg,0.5146,0.4456
1583140334.1200,1583140334.1400,0.0200,kodak_01411.jpg,0.5172,0.4431
1583140334.3300,1583140334.3400,0.0100,kodak_01412.jpg,0.5294,0.4417
1583140334.5300,1583140334.5400,0.0100,kodak_01413.jpg,0.5539,0.4369
1583140334.7200,1583140334.7400,0.0200,kodak_01414.jpg,0.5785,0.4333
1583140334.9100,1583140334.9400,0.0300,kodak_01415.jpg,0.6024,0.4311
1583140335.1200,1583140335.1400,0.0200,kodak_01416.jpg,0.6275,0.4287
1583140335.3200,1583140335.3400,0.0200,kodak_01417.jpg,0.6524,0.4271
1583140335.5300,1583140335.5500,0.0200,kodak_01418.jpg,0.6772,0.4278
1583140335.7400,1583140335.6700,0.0700,kodak_01419.jpg,0.7012,0.4246
1583140335.9300,1583140335.8700,0.0600,kodak_01420.jpg,0.7262,0.4274
1583140336.1500,1583140336.2100,0.0600,kodak_01421.jpg,0.7641,0.4317
1583140336.3400,1583140336.4000,0.0600,kodak_01422.jpg,0.7893,0.4371
1583140336.5300,1583140336.4700,0.0600,kodak_01423.jpg,0.8022,0.4394
1583140336.7400,1583140336.7300,0.0100,kodak_01424.jpg,0.8260,0.4440
1583140336.9500,1583140336.9300,0.0200,kodak_01425.jpg,0.8502,0.4506
1583140337.1100,1583140337.1300,0.0200,kodak_01426.jpg,0.8740,0.4588
1583140337.3200,1583140337.3300,0.0100,kodak_01427.jpg,0.8982,0.4686
1583140337.5200,1583140337.5400,0.0200,kodak_01428.jpg,0.9218,0.4783
1583140337.7200,1583140337.7300,0.0100,kodak_01429.jpg,0.9449,0.4901
1583140337.9200,1583140337.9200,0.0000,kodak_01430.jpg,0.9678,0.5013
1583140338.1200,1583140338.1100,0.0100,kodak_01431.jpg,0.9895,0.5145
1583140338.3200,1583140338.3100,0.0100,kodak_01432.jpg,1.0109,0.5277
1583140338.5400,1583140338.5100,0.0300,kodak_01433.jpg,1.0312,0.5422
1583140338.7400,1583140338.7100,0.0300,kodak_01434.jpg,1.0523,0.5572
1583140338.9300,1583140338.9100,0.0200,kodak_01435.jpg,1.0718,0.5734
1583140339.1300,1583140339.1100,0.0200,kodak_01436.jpg,1.0912,0.5896
1583140339.3300,1583140339.3100,0.0200,kodak_01437.jpg,1.1094,0.6072
1583140339.5400,1583140339.5000,0.0400,kodak_01438.jpg,1.1273,0.6255
1583140339.7300,1583140339.7000,0.0300,kodak_01439.jpg,1.1444,0.6442
1583140339.9200,1583140339.8800,0.0400,kodak_01440.jpg,1.1608,0.6637
1583140340.1200,1583140340.0700,0.0500,kodak_01441.jpg,1.1766,0.6827
1583140340.3100,1583140340.3300,0.0200,kodak_01442.jpg,1.1911,0.7045
1583140340.5300,1583140340.5300,0.0000,kodak_01443.jpg,1.2052,0.7255
1583140340.7300,1583140340.7100,0.0200,kodak_01444.jpg,1.2178,0.7475
1583140340.9200,1583140340.9000,0.0200,kodak_01445.jpg,1.2304,0.7696
1583140341.1200,1583140341.0900,0.0300,kodak_01446.jpg,1.2416,0.7932
1583140341.3400,1583140341.2900,0.0500,kodak_01447.jpg,1.2529,0.8163
1583140341.5400,1583140341.4800,0.0600,kodak_01448.jpg,1.2619,0.8401
1583140341.7300,1583140341.6700,0.0600,kodak_01449.jpg,1.2709,0.8642
1583140341.9200,1583140341.9200,0.0000,kodak_01450.jpg,1.2785,0.8884
1583140342.1200,1583140342.1100,0.0100,kodak_01451.jpg,1.2853,0.9132
1583140342.3200,1583140342.3100,0.0100,kodak_01452.jpg,1.2915,0.9374
1583140342.5200,1583140342.5000,0.0200,kodak_01453.jpg,1.2954,0.9630
1583140342.7300,1583140342.6900,0.0400,kodak_01454.jpg,1.2987,0.9883
1583140342.9300,1583140342.8800,0.0500,kodak_01455.jpg,1.3018,1.0141
1583140343.1400,1583140343.2000,0.0600,kodak_01456.jpg,1.3045,1.0530
1583140343.3400,1583140343.3300,0.0100,kodak_01457.jpg,1.3044,1.0661
1583140343.5300,1583140343.5200,0.0100,kodak_01458.jpg,1.3044,1.0918
1583140343.7300,1583140343.7100,0.0200,kodak_01459.jpg,1.3033,1.1174
1583140343.9200,1583140343.9100,0.0100,kodak_01460.jpg,1.3010,1.1428
1583140344.1200,1583140344.1100,0.0100,kodak_01461.jpg,1.2975,1.1683
1583140344.3500,1583140344.3000,0.0500,kodak_01462.jpg,1.2934,1.1937
1583140344.5500,1583140344.5000,0.0500,kodak_01463.jpg,1.2884,1.2191
1583140344.7400,1583140344.6900,0.0500,kodak_01464.jpg,1.2824,1.2438
1583140344.9500,1583140344.8900,0.0600,kodak_01465.jpg,1.2732,1.2683
1583140345.1300,1583140345.0800,0.0500,kodak_01466.jpg,1.2646,1.2935
1583140345.3500,1583140345.4100,0.0600,kodak_01467.jpg,1.2528,1.3292
1583140345.5200,1583140345.4800,0.0400,kodak_01468.jpg,1.2471,1.3403
1583140345.7200,1583140345.6700,0.0500,kodak_01469.jpg,1.2349,1.3640
1583140345.9300,1583140345.9300,0.0000,kodak_01470.jpg,1.2223,1.3863
1583140346.1400,1583140346.1200,0.0200,kodak_01471.jpg,1.2097,1.4093
1583140346.3300,1583140346.3200,0.0100,kodak_01472.jpg,1.1958,1.4307
1583140346.5300,1583140346.5100,0.0200,kodak_01473.jpg,1.1813,1.4522
1583140346.7300,1583140346.7100,0.0200,kodak_01474.jpg,1.1650,1.4724
1583140346.9300,1583140346.9000,0.0300,kodak_01475.jpg,1.1489,1.4929
1583140347.1300,1583140347.1000,0.0300,kodak_01476.jpg,1.1324,1.5121
1583140347.3500,1583140347.2900,0.0600,kodak_01477.jpg,1.1144,1.5307
1583140347.5200,1583140347.4900,0.0300,kodak_01478.jpg,1.0956,1.5479
1583140347.7200,1583140347.7000,0.0200,kodak_01479.jpg,1.0762,1.5653
1583140347.9300,1583140347.8800,0.0500,kodak_01480.jpg,1.0573,1.5845
1583140348.1500,1583140348.2000,0.0500,kodak_01481.jpg,1.0298,1.6048
1583140348.3300,1583140348.2700,0.0600,kodak_01482.jpg,1.0173,1.6108
1583140348.5300,1583140348.5300,0.0000,kodak_01483.jpg,0.9899,1.6224
1583140348.7300,1583140348.7200,0.0100,kodak_01484.jpg,0.9712,1.6389
1583140348.9300,1583140348.9100,0.0200,kodak_01485.jpg,0.9490,1.6517
1583140349.1400,1583140349.1600,0.0200,kodak_01486.jpg,0.9154,1.6697
1583140349.3300,1583140349.2900,0.0400,kodak_01487.jpg,0.9035,1.6749
1583140349.5400,1583140349.4800,0.0600,kodak_01488.jpg,0.8798,1.6852
1583140349.7400,1583140349.6800,0.0600,kodak_01489.jpg,0.8555,1.6935
1583140349.9300,1583140349.8800,0.0500,kodak_01490.jpg,0.8310,1.6989
1583140350.1400,1583140350.1200,0.0200,kodak_01491.jpg,0.8184,1.6995
1583140350.3300,1583140350.3100,0.0200,kodak_01492.jpg,0.8139,1.7037
1583140350.5400,1583140350.5700,0.0300,kodak_01493.jpg,0.8114,1.7055
1583140350.9400,1583140350.8900,0.0500,kodak_01495.jpg,0.8089,1.7073
1583140351.1400,1583140351.0800,0.0600,kodak_01496.jpg,0.7953,1.7155
1583140351.3500,1583140351.4000,0.0500,kodak_01497.jpg,0.7644,1.7357
1583140351.5400,1583140351.5900,0.0500,kodak_01498.jpg,0.7382,1.7534
1583140351.7300,1583140351.7200,0.0100,kodak_01499.jpg,0.7233,1.7640
1583140351.9200,1583140351.9100,0.0100,kodak_01500.jpg,0.6835,1.7909
1583140352.1300,1583140352.1600,0.0300,kodak_01501.jpg,0.6329,1.8254
1583140352.3500,1583140352.2900,0.0600,kodak_01502.jpg,0.6211,1.8330
1583140352.5400,1583140352.4900,0.0500,kodak_01503.jpg,0.5954,1.8509
1583140352.7400,1583140352.6700,0.0700,kodak_01504.jpg,0.5683,1.8691
1583140352.9500,1583140352.9900,0.0400,kodak_01505.jpg,0.5277,1.8961
1583140353.1400,1583140353.1200,0.0200,kodak_01506.jpg,0.5145,1.9050
1583140353.3500,1583140353.3800,0.0300,kodak_01507.jpg,0.4748,1.9321
1583140353.5500,1583140353.5700,0.0200,kodak_01508.jpg,0.4482,1.9504
1583140353.7400,1583140353.6900,0.0500,kodak_01509.jpg,0.4349,1.9592
1583140353.9400,1583140353.8800,0.0600,kodak_01510.jpg,0.4082,1.9769
1583140354.1500,1583140354.2000,0.0500,kodak_01511.jpg,0.3675,2.0036
1583140354.3400,1583140354.3900,0.0500,kodak_01512.jpg,0.3407,2.0217
1583140354.5400,1583140354.5800,0.0400,kodak_01513.jpg,0.3137,2.0406
1583140354.7400,1583140354.7100,0.0300,kodak_01514.jpg,0.3010,2.0499
1583140354.9400,1583140354.9700,0.0300,kodak_01515.jpg,0.2608,2.0775
1583140355.1600,1583140355.1600,0.0000,kodak_01516.jpg,0.2348,2.0957
1583140355.3500,1583140355.2900,0.0600,kodak_01517.jpg,0.2215,2.1048
1583140355.5500,1583140355.6100,0.0600,kodak_01518.jpg,0.1811,2.1321
1583140355.7400,1583140355.6800,0.0600,kodak_01519.jpg,0.1676,2.1416
1583140355.9500,1583140355.9900,0.0400,kodak_01520.jpg,0.1287,2.1693
1583140356.1500,1583140356.1800,0.0300,kodak_01521.jpg,0.1105,2.1828
1583140356.3500,1583140356.3700,0.0200,kodak_01522.jpg,0.1069,2.1827
1583140356.5600,1583140356.5600,0.0000,kodak_01523.jpg,0.1070,2.1837
1583140356.7600,1583140356.8200,0.0600,kodak_01524.jpg,0.1061,2.1826
1583140356.9500,1583140357.0100,0.0600,kodak_01525.jpg,0.0933,2.1630
1583140357.1500,1583140357.2100,0.0600,kodak_01526.jpg,0.0810,2.1325
1583140357.3400,1583140357.4000,0.0600,kodak_01527.jpg,0.0730,2.1006
1583140357.5500,1583140357.6000,0.0500,kodak_01528.jpg,0.0705,2.0682
1583140357.7400,1583140357.7900,0.0500,kodak_01529.jpg,0.0727,2.0352
1583140357.9400,1583140357.9900,0.0500,kodak_01530.jpg,0.0799,2.0030
1583140358.1500,1583140358.1800,0.0300,kodak_01531.jpg,0.0924,1.9720
1583140358.3500,1583140358.3200,0.0300,kodak_01532.jpg,0.1003,1.9563
1583140358.5600,1583140358.5700,0.0100,kodak_01533.jpg,0.1305,1.9183
1583140358.7400,1583140358.7100,0.0300,kodak_01534.jpg,0.1431,1.9069
1583140358.9400,1583140358.9100,0.0300,kodak_01535.jpg,0.1638,1.8910
1583140359.1500,1583140359.1700,0.0200,kodak_01536.jpg,0.1698,1.8790
1583140359.3500,1583140359.3600,0.0100,kodak_01537.jpg,0.1615,1.8639
1583140359.5500,1583140359.5600,0.0100,kodak_01538.jpg,0.1564,1.8317
1583140359.7400,1583140359.6900,0.0500,kodak_01539.jpg,0.1544,1.8150
1583140359.9600,1583140360.0200,0.0600,kodak_01540.jpg,0.1436,1.7592
1583140360.1500,1583140360.1100,0.0400,kodak_01541.jpg,0.1375,1.7414
1583140360.3500,1583140360.4100,0.0600,kodak_01542.jpg,0.1112,1.6952
1583140360.5500,1583140360.6000,0.0500,kodak_01543.jpg,0.0984,1.6632
1583140360.7400,1583140360.6800,0.0600,kodak_01544.jpg,0.0953,1.6478
1583140360.9400,1583140360.9900,0.0500,kodak_01545.jpg,0.0966,1.6014
1583140361.1400,1583140361.1200,0.0200,kodak_01546.jpg,0.0978,1.5848
1583140361.3400,1583140361.3100,0.0300,kodak_01547.jpg,0.1005,1.5532
1583140361.5500,1583140361.5800,0.0300,kodak_01548.jpg,0.1048,1.4978
1583140361.7400,1583140361.6900,0.0500,kodak_01549.jpg,0.1026,1.4783
1583140361.9400,1583140361.8800,0.0600,kodak_01550.jpg,0.0957,1.4395
1583140362.1400,1583140362.2000,0.0600,kodak_01551.jpg,0.0852,1.3813
1583140362.3400,1583140362.3900,0.0500,kodak_01552.jpg,0.0824,1.3419
1583140362.5500,1583140362.5200,0.0300,kodak_01553.jpg,0.0818,1.3222
1583140362.7500,1583140362.7800,0.0300,kodak_01554.jpg,0.0823,1.2631
1583140362.9600,1583140362.9700,0.0100,kodak_01555.jpg,0.0783,1.2239
1583140363.1700,1583140363.1500,0.0200,kodak_01556.jpg,0.0745,1.1846
1583140363.3400,1583140363.2800,0.0600,kodak_01557.jpg,0.0723,1.1645
1583140363.5400,1583140363.4700,0.0700,kodak_01558.jpg,0.0681,1.1252
1583140363.7400,1583140363.7900,0.0500,kodak_01559.jpg,0.0701,1.0652
1583140363.9400,1583140363.9800,0.0400,kodak_01560.jpg,0.0732,1.0258
1583140364.1400,1583140364.1100,0.0300,kodak_01561.jpg,0.0734,1.0059
1583140364.3500,1583140364.3700,0.0200,kodak_01562.jpg,0.0709,0.9463
1583140364.5500,1583140364.5700,0.0200,kodak_01563.jpg,0.0693,0.9074
1583140364.7600,1583140364.7500,0.0100,kodak_01564.jpg,0.0676,0.8783
1583140364.9600,1583140365.0200,0.0600,kodak_01565.jpg,0.0693,0.8681
1583140365.1500,1583140365.2000,0.0500,kodak_01566.jpg,0.0686,0.8596
1583140365.3500,1583140365.3900,0.0400,kodak_01567.jpg,0.0789,0.8429
1583140365.5500,1583140365.5800,0.0300,kodak_01568.jpg,0.0846,0.8247
1583140365.7500,1583140365.7700,0.0200,kodak_01569.jpg,0.0865,0.8048
1583140365.9400,1583140365.9600,0.0200,kodak_01570.jpg,0.0816,0.7870
1583140366.1400,1583140366.1500,0.0100,kodak_01571.jpg,0.0758,0.7706
1583140366.3400,1583140366.2800,0.0600,kodak_01572.jpg,0.0721,0.7635
1583140366.5400,1583140366.6000,0.0600,kodak_01573.jpg,0.0612,0.7411
1583140366.7500,1583140366.7900,0.0400,kodak_01574.jpg,0.0613,0.7254
1583140366.9500,1583140366.9900,0.0400,kodak_01575.jpg,0.0591,0.7103
1583140367.1400,1583140367.1700,0.0300,kodak_01576.jpg,0.0588,0.6940
1583140367.3400,1583140367.3700,0.0300,kodak_01577.jpg,0.0599,0.6778
1583140367.5600,1583140367.5600,0.0000,kodak_01578.jpg,0.0597,0.6629
1583140367.7700,1583140367.7500,0.0200,kodak_01579.jpg,0.0587,0.6478
1583140367.9600,1583140368.0200,0.0600,kodak_01580.jpg,0.0579,0.6321
1583140368.1700,1583140368.2100,0.0400,kodak_01581.jpg,0.0574,0.6168
1583140368.3600,1583140368.3900,0.0300,kodak_01582.jpg,0.0562,0.6016
1583140368.5600,1583140368.5800,0.0200,kodak_01583.jpg,0.0556,0.5861
1583140368.7600,1583140368.7700,0.0100,kodak_01584.jpg,0.0541,0.5710
1583140368.9600,1583140368.9600,0.0000,kodak_01585.jpg,0.0539,0.5556
1583140369.1600,1583140369.1500,0.0100,kodak_01586.jpg,0.0526,0.5400
1583140369.3500,1583140369.4100,0.0600,kodak_01587.jpg,0.0522,0.5248
1583140369.5500,1583140369.6000,0.0500,kodak_01588.jpg,0.0514,0.5097
1583140369.7500,1583140369.7900,0.0400,kodak_01589.jpg,0.0507,0.4940
1583140369.9500,1583140369.9800,0.0300,kodak_01590.jpg,0.0500,0.4789
1583140370.1400,1583140370.1100,0.0300,kodak_01591.jpg,0.0492,0.4716
1583140370.3500,1583140370.3800,0.0300,kodak_01592.jpg,0.0470,0.4519
1583140370.5500,1583140370.5800,0.0300,kodak_01593.jpg,0.0416,0.4424
1583140370.7600,1583140370.7800,0.0200,kodak_01594.jpg,0.0339,0.4330
1583140370.9700,1583140370.9700,0.0000,kodak_01595.jpg,0.0319,0.4221
1583140371.1600,1583140371.1700,0.0100,kodak_01596.jpg,0.0295,0.4121
1583140371.3600,1583140371.3600,0.0000,kodak_01597.jpg,0.0299,0.4025
1583140371.5600,1583140371.5500,0.0100,kodak_01598.jpg,0.0281,0.3922
1583140371.7500,1583140371.8100,0.0600,kodak_01599.jpg,0.0266,0.3816
1583140371.9700,1583140372.0100,0.0400,kodak_01600.jpg,0.0262,0.3719
1583140372.1800,1583140372.1900,0.0100,kodak_01601.jpg,0.0249,0.3617
1583140372.3800,1583140372.3800,0.0000,kodak_01602.jpg,0.0235,0.3512
1583140372.5600,1583140372.5700,0.0100,kodak_01603.jpg,0.0231,0.3426
1583140372.7600,1583140372.7700,0.0100,kodak_01604.jpg,0.0216,0.3325
1583140372.9600,1583140372.9700,0.0100,kodak_01605.jpg,0.0199,0.3216
1583140373.1500,1583140373.1700,0.0200,kodak_01606.jpg,0.0184,0.3104
1583140373.3700,1583140373.3700,0.0000,kodak_01607.jpg,0.0137,0.2998
1583140373.5700,1583140373.5700,0.0000,kodak_01608.jpg,0.0078,0.2903
1583140373.7700,1583140373.7600,0.0100,kodak_01609.jpg,0.0037,0.2807
1583140373.9800,1583140373.9600,0.0200,kodak_01610.jpg,0.0046,0.2686
1583140374.1600,1583140374.1600,0.0000,kodak_01611.jpg,0.0084,0.2584
1583140374.3700,1583140374.3600,0.0100,kodak_01612.jpg,0.0107,0.2472
1583140374.5600,1583140374.5700,0.0100,kodak_01613.jpg,0.0098,0.2370
1583140374.7600,1583140374.7500,0.0100,kodak_01614.jpg,0.0092,0.2274
1583140374.9600,1583140374.9500,0.0100,kodak_01615.jpg,0.0077,0.2169
1583140375.1600,1583140375.2000,0.0400,kodak_01616.jpg,0.0065,0.2061
1583140375.3500,1583140375.4000,0.0500,kodak_01617.jpg,0.0062,0.1964
1583140375.5600,1583140375.5900,0.0300,kodak_01618.jpg,0.0051,0.1865
1583140375.7700,1583140375.7800,0.0100,kodak_01619.jpg,0.0032,0.1756
1583140375.9800,1583140375.9700,0.0100,kodak_01620.jpg,0.0024,0.1651
1583140376.1700,1583140376.1600,0.0100,kodak_01621.jpg,0.0033,0.1558
1583140376.3700,1583140376.3500,0.0200,kodak_01622.jpg,-0.0002,0.1453
1583140376.5700,1583140376.6100,0.0400,kodak_01623.jpg,-0.0003,0.1332
1583140376.7600,1583140376.8000,0.0400,kodak_01624.jpg,-0.0009,0.1264
1583140376.9700,1583140376.9900,0.0200,kodak_01625.jpg,-0.0051,0.1147
1583140377.1600,1583140377.1800,0.0200,kodak_01626.jpg,-0.0048,0.1022
1583140377.3600,1583140377.3700,0.0100,kodak_01627.jpg,0.0018,0.0936
1583140377.5500,1583140377.5600,0.0100,kodak_01628.jpg,0.0062,0.0821
1583140377.7600,1583140377.7500,0.0100,kodak_01629.jpg,0.0057,0.0712
1583140377.9700,1583140377.9500,0.0200,kodak_01630.jpg,0.0056,0.0610
1583140378.1800,1583140378.2000,0.0200,kodak_01631.jpg,0.0031,0.0506
1583140378.3800,1583140378.3900,0.0100,kodak_01632.jpg,0.0032,0.0405
1583140378.5600,1583140378.5800,0.0200,kodak_01633.jpg,0.0044,0.0315
1583140378.7700,1583140378.7800,0.0100,kodak_01634.jpg,0.0041,0.0228
1583140378.9700,1583140378.9700,0.0000,kodak_01635.jpg,0.0035,0.0131
1583140379.1600,1583140379.1600,0.0000,kodak_01636.jpg,0.0034,0.0006
1583140379.3600,1583140379.3500,0.0100,kodak_01637.jpg,-0.0015,-0.0111
1583140379.5600,1583140379.5400,0.0200,kodak_01638.jpg,-0.0090,-0.0203
1583140379.7700,1583140379.8000,0.0300,kodak_01639.jpg,-0.0154,-0.0304
1583140379.9700,1583140379.9900,0.0200,kodak_01640.jpg,-0.0160,-0.0420
1583140380.1600,1583140380.1800,0.0200,kodak_01641.jpg,-0.0124,-0.0539
1583140380.3600,1583140380.3700,0.0100,kodak_01642.jpg,-0.0077,-0.0647
1583140380.5800,1583140380.5600,0.0200,kodak_01643.jpg,-0.0053,-0.0751
1583140380.7700,1583140380.7500,0.0200,kodak_01644.jpg,-0.0040,-0.0858
1583140380.9700,1583140380.9400,0.0300,kodak_01645.jpg,-0.0020,-0.0966
1583140381.1700,1583140381.2000,0.0300,kodak_01646.jpg,-0.0056,-0.1064
1583140381.3600,1583140381.3900,0.0300,kodak_01647.jpg,-0.0097,-0.1163
1583140381.5600,1583140381.5800,0.0200,kodak_01648.jpg,-0.0045,-0.1262
1583140381.7500,1583140381.7700,0.0200,kodak_01649.jpg,0.0011,-0.1392
1583140381.9700,1583140381.9700,0.0000,kodak_01650.jpg,-0.0006,-0.1497
1583140382.1600,1583140382.1600,0.0000,kodak_01651.jpg,0.0002,-0.1587
1583140382.3600,1583140382.3500,0.0100,kodak_01652.jpg,-0.0020,-0.1717
1583140382.5700,1583140382.5500,0.0200,kodak_01653.jpg,-0.0047,-0.1857
1583140382.7700,1583140382.7500,0.0200,kodak_01654.jpg,-0.0048,-0.1930
1583140382.9700,1583140382.9400,0.0300,kodak_01655.jpg,-0.0047,-0.1976
1583140383.1800,1583140383.2000,0.0200,kodak_01656.jpg,-0.0050,-0.2024
1583140383.3700,1583140383.4000,0.0300,kodak_01657.jpg,-0.0047,-0.2024
1583140383.5600,1583140383.5900,0.0300,kodak_01658.jpg,-0.0045,-0.2026
1583140383.7500,1583140383.7900,0.0400,kodak_01659.jpg,-0.0059,-0.2028
1583140383.9600,1583140383.9800,0.0200,kodak_01660.jpg,-0.0059,-0.2030
1583140384.1600,1583140384.1800,0.0200,kodak_01661.jpg,-0.0058,-0.2032
1583140384.3600,1583140384.3700,0.0100,kodak_01662.jpg,-0.0058,-0.2035
1583140384.5600,1583140384.5600,0.0000,kodak_01663.jpg,-0.0057,-0.2037
1583140384.7800,1583140384.7600,0.0200,kodak_01664.jpg,-0.0057,-0.2039
1583140384.9800,1583140384.9500,0.0300,kodak_01665.jpg,-0.0057,-0.2041
1583140385.1700,1583140385.1500,0.0200,kodak_01666.jpg,-0.0057,-0.2044
1583140385.3700,1583140385.3500,0.0200,kodak_01667.jpg,-0.0054,-0.2046
1583140385.5800,1583140385.5400,0.0400,kodak_01668.jpg,-0.0053,-0.2049
1583140385.7700,1583140385.8000,0.0300,kodak_01669.jpg,-0.0052,-0.2051
1583140385.9800,1583140386.0000,0.0200,kodak_01670.jpg,-0.0052,-0.2053
1583140386.1700,1583140386.1900,0.0200,kodak_01671.jpg,-0.0051,-0.2055
1583140386.3700,1583140386.3900,0.0200,kodak_01672.jpg,-0.0050,-0.2058
1583140386.5700,1583140386.5800,0.0100,kodak_01673.jpg,-0.0050,-0.2060
1583140386.7700,1583140386.7700,0.0000,kodak_01674.jpg,-0.0050,-0.2062
1583140386.9700,1583140386.9700,0.0000,kodak_01675.jpg,-0.0050,-0.2065
1583140387.1700,1583140387.1600,0.0100,kodak_01676.jpg,-0.0050,-0.2067
1583140387.3800,1583140387.3700,0.0100,kodak_01677.jpg,-0.0050,-0.2069
1583140387.5800,1583140387.5600,0.0200,kodak_01678.jpg,-0.0052,-0.2072
1583140387.7700,1583140387.7500,0.0200,kodak_01679.jpg,-0.0052,-0.2074
1583140387.9600,1583140387.9400,0.0200,kodak_01680.jpg,-0.0051,-0.2076
1583140388.1800,1583140388.1400,0.0400,kodak_01681.jpg,-0.0050,-0.2079
1583140388.3700,1583140388.4000,0.0300,kodak_01682.jpg,-0.0050,-0.2081
1583140388.5800,1583140388.5900,0.0100,kodak_01683.jpg,-0.0050,-0.2083
1583140388.7900,1583140388.7900,0.0000,kodak_01684.jpg,-0.0050,-0.2086
1583140388.9800,1583140388.9900,0.0100,kodak_01685.jpg,-0.0050,-0.2088
1583140389.1800,1583140389.1800,0.0000,kodak_01686.jpg,-0.0049,-0.2090
1583140389.3900,1583140389.3800,0.0100,kodak_01687.jpg,-0.0049,-0.2092
1583140389.5900,1583140389.5700,0.0200,kodak_01688.jpg,-0.0049,-0.2095
1583140389.7800,1583140389.7700,0.0100,kodak_01689.jpg,-0.0049,-0.2097
1583140389.9800,1583140389.9600,0.0200,kodak_01690.jpg,-0.0049,-0.2099
1583140390.7800,1583140390.7400,0.0400,kodak_01694.jpg,-0.0048,-0.2099
